5.917000000000000037e-01 1.721999999999999886e+02 1.520000000000000000e+19
5.812000000000000499e-01 2.663000000000000114e+02 2.050000000000000000e+19
5.608999999999999542e-01 5.651000000000000227e+02 3.110000000000000000e+19
5.362000000000000099e-01 9.646000000000000227e+02 4.180000000000000000e+19
5.120000000000000107e-01 1.152799999999999955e+03 5.110000000000000000e+19
4.884999999999999898e-01 1.298200000000000045e+03 5.730000000000000000e+19
4.661000000000000143e-01 1.199400000000000091e+03 6.040000000000000000e+19
4.448000000000000287e-01 1.223299999999999955e+03 6.030000000000000000e+19
4.236000000000000321e-01 1.324200000000000045e+03 6.260000000000000000e+19
4.026000000000000134e-01 1.298200000000000045e+03 6.190000000000000000e+19
