5.917000000000000037e-01 1.280000000000000000e+02 9.810000000000000000e+18
5.812000000000000499e-01 2.228000000000000114e+02 1.380000000000000000e+19
5.608999999999999542e-01 3.655000000000000000e+02 1.780000000000000000e+19
5.362000000000000099e-01 6.491000000000000227e+02 2.500000000000000000e+19
5.120000000000000107e-01 8.397000000000000455e+02 3.340000000000000000e+19
4.884999999999999898e-01 8.737000000000000455e+02 3.510000000000000000e+19
4.661000000000000143e-01 8.911000000000000227e+02 3.780000000000000000e+19
4.448000000000000287e-01 8.565000000000000000e+02 3.780000000000000000e+19
4.236000000000000321e-01 8.737000000000000455e+02 3.900000000000000000e+19
4.026000000000000134e-01 8.071000000000000227e+02 3.840000000000000000e+19
