5.917000000000000037e-01 1.135999999999999943e+02 1.440000000000000000e+19
5.812000000000000499e-01 2.318000000000000114e+02 1.990000000000000000e+19
5.608999999999999542e-01 4.823000000000000114e+02 3.060000000000000000e+19
5.362000000000000099e-01 8.565000000000000000e+02 4.310000000000000000e+19
5.120000000000000107e-01 1.247799999999999955e+03 5.360000000000000000e+19
4.884999999999999898e-01 1.405200000000000045e+03 5.710000000000000000e+19
4.661000000000000143e-01 1.405200000000000045e+03 6.140000000000000000e+19
4.448000000000000287e-01 1.350700000000000045e+03 6.070000000000000000e+19
4.236000000000000321e-01 1.433299999999999955e+03 6.440000000000000000e+19
4.026000000000000134e-01 1.405200000000000045e+03 6.230000000000000000e+19
