6.005000000000000338e-01 1.930000000000000071e+01 9.380000000000000000e+18
5.899999999999999689e-01 5.750000000000000000e+01 2.850000000000000000e+19
5.699999999999999512e-01 2.030999999999999943e+02 5.190000000000000000e+19
5.450000000000000400e-01 4.353999999999999773e+02 1.320000000000000000e+20
5.210000000000000187e-01 6.557000000000000455e+02 1.770000000000000000e+20
4.969999999999999973e-01 7.577000000000000455e+02 1.960000000000000000e+20
4.739999999999999769e-01 8.485000000000000000e+02 2.230000000000000000e+20
4.530000000000000138e-01 8.288999999999999773e+02 2.150000000000000000e+20
4.309999999999999942e-01 8.727000000000000455e+02 2.240000000000000000e+20
4.099999999999999756e-01 9.168999999999999773e+02 2.260000000000000000e+20
