6.005000000000000338e-01 nan nan
5.899999999999999689e-01 8.699999999999999289e+00 9.980000000000000000e+18
5.699999999999999512e-01 1.260999999999999943e+02 4.680000000000000000e+19
5.450000000000000400e-01 3.058999999999999773e+02 8.210000000000000000e+19
5.210000000000000187e-01 5.662000000000000455e+02 1.290000000000000000e+20
4.969999999999999973e-01 8.485000000000000000e+02 1.450000000000000000e+20
4.739999999999999769e-01 8.968999999999999773e+02 1.570000000000000000e+20
4.530000000000000138e-01 9.866000000000000227e+02 1.590000000000000000e+20
4.309999999999999942e-01 1.055900000000000091e+03 1.660000000000000000e+20
4.099999999999999756e-01 1.026700000000000045e+03 1.680000000000000000e+20
