6.005000000000000338e-01 nan nan
5.899999999999999689e-01 5.500000000000000000e+01 1.030000000000000000e+19
5.699999999999999512e-01 4.183999999999999773e+02 2.860000000000000000e+19
5.450000000000000400e-01 7.012000000000000455e+02 4.030000000000000000e+19
5.210000000000000187e-01 1.055900000000000091e+03 5.060000000000000000e+19
4.969999999999999973e-01 1.277700000000000045e+03 6.230000000000000000e+19
4.739999999999999769e-01 1.242299999999999955e+03 6.780000000000000000e+19
4.530000000000000138e-01 1.277700000000000045e+03 6.560000000000000000e+19
4.309999999999999942e-01 1.313099999999999909e+03 6.810000000000000000e+19
4.099999999999999756e-01 1.277700000000000045e+03 6.650000000000000000e+19
