5.919999999999999707e-01 1.070999999999999943e+02 1.180000000000000000e+19
5.819999999999999618e-01 1.978000000000000114e+02 1.940000000000000000e+19
5.629999999999999449e-01 4.036000000000000227e+02 2.970000000000000000e+19
5.380000000000000338e-01 7.167000000000000455e+02 4.220000000000000000e+19
5.140000000000000124e-01 1.086299999999999955e+03 5.530000000000000000e+19
4.899999999999999911e-01 1.298200000000000045e+03 6.200000000000000000e+19
4.680000000000000271e-01 1.324200000000000045e+03 6.690000000000000000e+19
4.460000000000000075e-01 1.298200000000000045e+03 6.730000000000000000e+19
4.249999999999999889e-01 1.272799999999999955e+03 6.940000000000000000e+19
4.040000000000000258e-01 1.298200000000000045e+03 6.940000000000000000e+19
