6.005000000000000338e-01 nan nan
5.899999999999999689e-01 4.550000000000000000e+01 1.320000000000000000e+19
5.699999999999999512e-01 2.146999999999999886e+02 4.470000000000000000e+19
5.450000000000000400e-01 5.267999999999999545e+02 7.560000000000000000e+19
5.210000000000000187e-01 8.335000000000000000e+02 9.290000000000000000e+19
4.969999999999999973e-01 1.085200000000000045e+03 1.040000000000000000e+20
4.739999999999999769e-01 1.193700000000000045e+03 1.050000000000000000e+20
4.530000000000000138e-01 1.193700000000000045e+03 1.010000000000000000e+20
4.309999999999999942e-01 1.193700000000000045e+03 1.080000000000000000e+20
4.099999999999999756e-01 1.193700000000000045e+03 1.070000000000000000e+20
