5.919999999999999707e-01 2.239999999999999858e+01 6.180000000000000000e+18
5.819999999999999618e-01 1.255000000000000000e+02 2.560000000000000000e+19
5.629999999999999449e-01 3.376999999999999886e+02 3.860000000000000000e+19
5.380000000000000338e-01 6.363999999999999773e+02 5.770000000000000000e+19
5.140000000000000124e-01 9.457000000000000455e+02 7.550000000000000000e+19
4.899999999999999911e-01 1.175799999999999955e+03 8.300000000000000000e+19
4.680000000000000271e-01 1.199400000000000091e+03 8.580000000000000000e+19
4.460000000000000075e-01 1.223299999999999955e+03 8.600000000000000000e+19
4.249999999999999889e-01 1.223299999999999955e+03 8.970000000000000000e+19
4.040000000000000258e-01 1.199400000000000091e+03 8.920000000000000000e+19
