5.919999999999999707e-01 9.320000000000000284e+01 1.420000000000000000e+19
5.819999999999999618e-01 1.940000000000000000e+02 2.350000000000000000e+19
5.629999999999999449e-01 4.456000000000000227e+02 3.780000000000000000e+19
5.380000000000000338e-01 7.606000000000000227e+02 5.020000000000000000e+19
5.140000000000000124e-01 1.108000000000000000e+03 6.340000000000000000e+19
4.899999999999999911e-01 1.247799999999999955e+03 6.840000000000000000e+19
4.680000000000000271e-01 1.298200000000000045e+03 7.480000000000000000e+19
4.460000000000000075e-01 1.298200000000000045e+03 7.590000000000000000e+19
4.249999999999999889e-01 1.324200000000000045e+03 7.570000000000000000e+19
4.040000000000000258e-01 1.350700000000000045e+03 7.530000000000000000e+19
