5.919999999999999707e-01 2.730000000000000071e+01 5.390000000000000000e+18
5.819999999999999618e-01 1.280000000000000000e+02 1.330000000000000000e+19
5.629999999999999449e-01 3.513000000000000114e+02 2.480000000000000000e+19
5.380000000000000338e-01 7.167000000000000455e+02 4.290000000000000000e+19
5.140000000000000124e-01 1.065000000000000000e+03 6.220000000000000000e+19
4.899999999999999911e-01 1.377700000000000045e+03 7.050000000000000000e+19
4.680000000000000271e-01 1.551500000000000000e+03 7.780000000000000000e+19
4.460000000000000075e-01 1.491200000000000045e+03 7.930000000000000000e+19
4.249999999999999889e-01 1.582500000000000000e+03 8.220000000000000000e+19
4.040000000000000258e-01 1.614200000000000045e+03 8.220000000000000000e+19
