5.917000000000000037e-01 7.209999999999999432e+01 4.080000000000000000e+18
5.812000000000000499e-01 1.280000000000000000e+02 5.860000000000000000e+18
5.608999999999999542e-01 2.509000000000000057e+02 9.110000000000000000e+18
5.362000000000000099e-01 4.545000000000000000e+02 1.130000000000000000e+19
5.120000000000000107e-01 6.888999999999999773e+02 1.430000000000000000e+19
4.884999999999999898e-01 8.565000000000000000e+02 1.560000000000000000e+19
4.661000000000000143e-01 8.397000000000000455e+02 1.700000000000000000e+19
4.448000000000000287e-01 9.090000000000000000e+02 1.750000000000000000e+19
4.236000000000000321e-01 9.838999999999999773e+02 1.830000000000000000e+19
4.026000000000000134e-01 9.646000000000000227e+02 1.760000000000000000e+19
