5.919999999999999707e-01 6.150000000000000000e+01 1.130000000000000000e+19
5.819999999999999618e-01 2.018000000000000114e+02 2.230000000000000000e+19
5.629999999999999449e-01 4.545000000000000000e+02 3.570000000000000000e+19
5.380000000000000338e-01 7.606000000000000227e+02 4.920000000000000000e+19
5.140000000000000124e-01 1.086299999999999955e+03 6.670000000000000000e+19
4.899999999999999911e-01 1.272799999999999955e+03 7.380000000000000000e+19
4.680000000000000271e-01 1.377700000000000045e+03 7.890000000000000000e+19
4.460000000000000075e-01 1.350700000000000045e+03 7.940000000000000000e+19
4.249999999999999889e-01 1.377700000000000045e+03 7.940000000000000000e+19
4.040000000000000258e-01 1.298200000000000045e+03 7.800000000000000000e+19
