5.919999999999999707e-01 5.570000000000000284e+01 1.620000000000000000e+19
5.819999999999999618e-01 1.009000000000000057e+02 2.220000000000000000e+19
5.629999999999999449e-01 2.141999999999999886e+02 3.250000000000000000e+19
5.380000000000000338e-01 3.583999999999999773e+02 4.420000000000000000e+19
5.140000000000000124e-01 5.432000000000000455e+02 6.440000000000000000e+19
4.899999999999999911e-01 6.491000000000000227e+02 7.800000000000000000e+19
4.680000000000000271e-01 6.491000000000000227e+02 8.250000000000000000e+19
4.460000000000000075e-01 6.491000000000000227e+02 8.270000000000000000e+19
4.249999999999999889e-01 6.491000000000000227e+02 8.140000000000000000e+19
4.040000000000000258e-01 6.238999999999999773e+02 8.690000000000000000e+19
