5.919999999999999707e-01 5.150000000000000000e+01 9.950000000000000000e+18
5.819999999999999618e-01 1.499000000000000057e+02 2.160000000000000000e+19
5.629999999999999449e-01 3.583999999999999773e+02 3.760000000000000000e+19
5.380000000000000338e-01 7.167000000000000455e+02 6.140000000000000000e+19
5.140000000000000124e-01 1.086299999999999955e+03 8.280000000000000000e+19
4.899999999999999911e-01 1.298200000000000045e+03 9.240000000000000000e+19
4.680000000000000271e-01 1.433299999999999955e+03 1.080000000000000000e+20
4.460000000000000075e-01 1.462000000000000000e+03 1.120000000000000000e+20
4.249999999999999889e-01 1.521099999999999909e+03 1.170000000000000000e+20
4.040000000000000258e-01 1.551500000000000000e+03 1.140000000000000000e+20
