5.919999999999999707e-01 2.960000000000000142e+01 1.270000000000000000e+19
5.819999999999999618e-01 6.400000000000000000e+01 1.460000000000000000e+19
5.629999999999999449e-01 1.978000000000000114e+02 3.330000000000000000e+19
5.380000000000000338e-01 4.728999999999999773e+02 5.790000000000000000e+19
5.140000000000000124e-01 7.912999999999999545e+02 7.690000000000000000e+19
4.899999999999999911e-01 9.838999999999999773e+02 7.600000000000000000e+19
4.680000000000000271e-01 1.065000000000000000e+03 8.190000000000000000e+19
4.460000000000000075e-01 1.065000000000000000e+03 8.450000000000000000e+19
4.249999999999999889e-01 1.108000000000000000e+03 8.900000000000000000e+19
4.040000000000000258e-01 1.130200000000000045e+03 9.050000000000000000e+19
