5.919999999999999707e-01 7.650000000000000000e+01 1.390000000000000000e+19
5.819999999999999618e-01 1.623000000000000114e+02 2.130000000000000000e+19
5.629999999999999449e-01 3.445000000000000000e+02 3.310000000000000000e+19
5.380000000000000338e-01 6.491000000000000227e+02 5.170000000000000000e+19
5.140000000000000124e-01 9.646000000000000227e+02 6.650000000000000000e+19
4.899999999999999911e-01 1.086299999999999955e+03 6.840000000000000000e+19
4.680000000000000271e-01 1.023600000000000023e+03 7.310000000000000000e+19
4.460000000000000075e-01 9.838999999999999773e+02 7.330000000000000000e+19
4.249999999999999889e-01 1.044099999999999909e+03 7.150000000000000000e+19
4.040000000000000258e-01 1.023600000000000023e+03 7.380000000000000000e+19
