5.919999999999999707e-01 4.570000000000000284e+01 1.380000000000000000e+19
5.819999999999999618e-01 9.700000000000000000e+01 2.140000000000000000e+19
5.629999999999999449e-01 2.826000000000000227e+02 3.710000000000000000e+19
5.380000000000000338e-01 5.997000000000000455e+02 5.740000000000000000e+19
5.140000000000000124e-01 9.457000000000000455e+02 8.040000000000000000e+19
4.899999999999999911e-01 1.108000000000000000e+03 8.300000000000000000e+19
4.680000000000000271e-01 1.152799999999999955e+03 9.150000000000000000e+19
4.460000000000000075e-01 1.108000000000000000e+03 9.120000000000000000e+19
4.249999999999999889e-01 1.175799999999999955e+03 9.100000000000000000e+19
4.040000000000000258e-01 1.199400000000000091e+03 9.460000000000000000e+19
