6.005000000000000338e-01 1.159999999999999964e+01 4.490000000000000000e+18
5.899999999999999689e-01 2.819999999999999929e+01 2.040000000000000000e+19
5.699999999999999512e-01 1.726999999999999886e+02 5.040000000000000000e+19
5.450000000000000400e-01 4.788999999999999773e+02 9.030000000000000000e+19
5.210000000000000187e-01 7.212000000000000455e+02 1.130000000000000000e+20
4.969999999999999973e-01 9.598999999999999773e+02 1.300000000000000000e+20
4.739999999999999769e-01 1.085200000000000045e+03 1.370000000000000000e+20
4.530000000000000138e-01 1.193700000000000045e+03 1.320000000000000000e+20
4.309999999999999942e-01 1.242299999999999955e+03 1.400000000000000000e+20
4.099999999999999756e-01 1.242299999999999955e+03 1.420000000000000000e+20
