5.919999999999999707e-01 1.989999999999999858e+01 7.040000000000000000e+18
5.819999999999999618e-01 1.413000000000000114e+02 1.650000000000000000e+19
5.629999999999999449e-01 3.583999999999999773e+02 2.730000000000000000e+19
5.380000000000000338e-01 6.621000000000000227e+02 4.120000000000000000e+19
5.140000000000000124e-01 1.044099999999999909e+03 5.780000000000000000e+19
4.899999999999999911e-01 1.298200000000000045e+03 6.520000000000000000e+19
4.680000000000000271e-01 1.350700000000000045e+03 7.390000000000000000e+19
4.460000000000000075e-01 1.377700000000000045e+03 7.360000000000000000e+19
4.249999999999999889e-01 1.324200000000000045e+03 7.490000000000000000e+19
4.040000000000000258e-01 1.405200000000000045e+03 7.700000000000000000e+19
