5.917000000000000037e-01 2.318000000000000114e+02 1.660000000000000000e+19
5.812000000000000499e-01 4.198999999999999773e+02 2.250000000000000000e+19
5.608999999999999542e-01 7.027000000000000455e+02 3.300000000000000000e+19
5.362000000000000099e-01 9.838999999999999773e+02 4.340000000000000000e+19
5.120000000000000107e-01 1.175799999999999955e+03 5.370000000000000000e+19
4.884999999999999898e-01 1.272799999999999955e+03 5.540000000000000000e+19
4.661000000000000143e-01 1.272799999999999955e+03 6.000000000000000000e+19
4.448000000000000287e-01 1.223299999999999955e+03 6.010000000000000000e+19
4.236000000000000321e-01 1.272799999999999955e+03 6.100000000000000000e+19
4.026000000000000134e-01 1.298200000000000045e+03 6.120000000000000000e+19
