5.919999999999999707e-01 6.659999999999999432e+01 7.380000000000000000e+18
5.819999999999999618e-01 6.150000000000000000e+01 8.930000000000000000e+18
5.629999999999999449e-01 1.499000000000000057e+02 1.080000000000000000e+19
5.380000000000000338e-01 2.509000000000000057e+02 1.550000000000000000e+19
5.140000000000000124e-01 4.198999999999999773e+02 1.870000000000000000e+19
4.899999999999999911e-01 6.238999999999999773e+02 2.180000000000000000e+19
4.680000000000000271e-01 6.491000000000000227e+02 2.400000000000000000e+19
4.460000000000000075e-01 7.457000000000000455e+02 2.460000000000000000e+19
4.249999999999999889e-01 7.606000000000000227e+02 2.480000000000000000e+19
4.040000000000000258e-01 8.071000000000000227e+02 2.530000000000000000e+19
