5.919999999999999707e-01 9.140000000000000568e+01 1.780000000000000000e+19
5.819999999999999618e-01 1.689000000000000057e+02 2.380000000000000000e+19
5.629999999999999449e-01 3.956999999999999886e+02 3.850000000000000000e+19
5.380000000000000338e-01 6.491000000000000227e+02 5.210000000000000000e+19
5.140000000000000124e-01 1.023600000000000023e+03 6.440000000000000000e+19
4.899999999999999911e-01 1.130200000000000045e+03 6.420000000000000000e+19
4.680000000000000271e-01 1.175799999999999955e+03 7.150000000000000000e+19
4.460000000000000075e-01 1.152799999999999955e+03 7.230000000000000000e+19
4.249999999999999889e-01 1.223299999999999955e+03 7.490000000000000000e+19
4.040000000000000258e-01 1.199400000000000091e+03 7.790000000000000000e+19
