5.919999999999999707e-01 6.029999999999999716e+01 1.410000000000000000e+19
5.819999999999999618e-01 1.470000000000000000e+02 2.140000000000000000e+19
5.629999999999999449e-01 3.376999999999999886e+02 3.560000000000000000e+19
5.380000000000000338e-01 6.238999999999999773e+02 5.450000000000000000e+19
5.140000000000000124e-01 1.003600000000000023e+03 6.750000000000000000e+19
4.899999999999999911e-01 1.175799999999999955e+03 6.910000000000000000e+19
4.680000000000000271e-01 1.199400000000000091e+03 7.440000000000000000e+19
4.460000000000000075e-01 1.223299999999999955e+03 7.540000000000000000e+19
4.249999999999999889e-01 1.272799999999999955e+03 7.510000000000000000e+19
4.040000000000000258e-01 1.298200000000000045e+03 8.060000000000000000e+19
