5.917000000000000037e-01 1.560000000000000000e+02 1.740000000000000000e+19
5.812000000000000499e-01 2.509000000000000057e+02 2.360000000000000000e+19
5.608999999999999542e-01 5.540000000000000000e+02 3.430000000000000000e+19
5.362000000000000099e-01 8.911000000000000227e+02 4.230000000000000000e+19
5.120000000000000107e-01 1.023600000000000023e+03 5.280000000000000000e+19
4.884999999999999898e-01 1.086299999999999955e+03 6.020000000000000000e+19
4.661000000000000143e-01 1.130200000000000045e+03 6.400000000000000000e+19
4.448000000000000287e-01 1.152799999999999955e+03 6.450000000000000000e+19
4.236000000000000321e-01 1.152799999999999955e+03 6.520000000000000000e+19
4.026000000000000134e-01 1.152799999999999955e+03 6.430000000000000000e+19
