5.919999999999999707e-01 3.260000000000000142e+01 6.670000000000000000e+18
5.819999999999999618e-01 1.230000000000000000e+02 1.430000000000000000e+19
5.629999999999999449e-01 3.728999999999999773e+02 2.590000000000000000e+19
5.380000000000000338e-01 7.606000000000000227e+02 4.400000000000000000e+19
5.140000000000000124e-01 1.247799999999999955e+03 6.490000000000000000e+19
4.899999999999999911e-01 1.350700000000000045e+03 6.810000000000000000e+19
4.680000000000000271e-01 1.324200000000000045e+03 7.590000000000000000e+19
4.460000000000000075e-01 1.377700000000000045e+03 8.300000000000000000e+19
4.249999999999999889e-01 1.433299999999999955e+03 8.500000000000000000e+19
4.040000000000000258e-01 1.462000000000000000e+03 8.670000000000000000e+19
