6.005000000000000338e-01 4.020000000000000284e+01 5.620000000000000000e+18
5.899999999999999689e-01 1.426999999999999886e+02 1.490000000000000000e+19
5.699999999999999512e-01 3.196000000000000227e+02 2.480000000000000000e+19
5.450000000000000400e-01 5.960000000000000000e+02 3.890000000000000000e+19
5.210000000000000187e-01 9.866000000000000227e+02 5.200000000000000000e+19
4.969999999999999973e-01 1.277700000000000045e+03 6.340000000000000000e+19
4.739999999999999769e-01 1.405400000000000091e+03 7.350000000000000000e+19
4.530000000000000138e-01 1.444400000000000091e+03 7.510000000000000000e+19
4.309999999999999942e-01 1.476599999999999909e+03 8.070000000000000000e+19
4.099999999999999756e-01 1.503099999999999909e+03 8.290000000000000000e+19
