5.919999999999999707e-01 4.389999999999999858e+01 1.420000000000000000e+19
5.819999999999999618e-01 1.050000000000000000e+02 2.340000000000000000e+19
5.629999999999999449e-01 2.460000000000000000e+02 3.850000000000000000e+19
5.380000000000000338e-01 5.540000000000000000e+02 5.680000000000000000e+19
5.140000000000000124e-01 8.737000000000000455e+02 6.950000000000000000e+19
4.899999999999999911e-01 1.223299999999999955e+03 8.010000000000000000e+19
4.680000000000000271e-01 1.272799999999999955e+03 9.160000000000000000e+19
4.460000000000000075e-01 1.272799999999999955e+03 9.310000000000000000e+19
4.249999999999999889e-01 1.377700000000000045e+03 1.020000000000000000e+20
4.040000000000000258e-01 1.350700000000000045e+03 9.960000000000000000e+19
