5.919999999999999707e-01 3.750000000000000000e+01 5.070000000000000000e+18
5.819999999999999618e-01 9.700000000000000000e+01 1.290000000000000000e+19
5.629999999999999449e-01 3.513000000000000114e+02 2.520000000000000000e+19
5.380000000000000338e-01 6.753999999999999773e+02 3.780000000000000000e+19
5.140000000000000124e-01 9.838999999999999773e+02 5.460000000000000000e+19
4.899999999999999911e-01 1.247799999999999955e+03 6.160000000000000000e+19
4.680000000000000271e-01 1.350700000000000045e+03 6.670000000000000000e+19
4.460000000000000075e-01 1.324200000000000045e+03 6.820000000000000000e+19
4.249999999999999889e-01 1.350700000000000045e+03 6.900000000000000000e+19
4.040000000000000258e-01 1.350700000000000045e+03 6.990000000000000000e+19
