6.005000000000000338e-01 1.450000000000000000e+01 9.430000000000000000e+18
5.899999999999999689e-01 7.320000000000000284e+01 3.370000000000000000e+19
5.699999999999999512e-01 2.361999999999999886e+02 5.010000000000000000e+19
5.450000000000000400e-01 4.705000000000000000e+02 7.890000000000000000e+19
5.210000000000000187e-01 7.212000000000000455e+02 9.130000000000000000e+19
4.969999999999999973e-01 9.866000000000000227e+02 9.220000000000000000e+19
4.739999999999999769e-01 1.055900000000000091e+03 9.480000000000000000e+19
4.530000000000000138e-01 1.055900000000000091e+03 9.630000000000000000e+19
4.309999999999999942e-01 1.129299999999999955e+03 1.010000000000000000e+20
4.099999999999999756e-01 1.109400000000000091e+03 1.040000000000000000e+20
