5.919999999999999707e-01 5.800000000000000000e+01 1.480000000000000000e+19
5.819999999999999618e-01 1.255000000000000000e+02 2.510000000000000000e+19
5.629999999999999449e-01 3.181999999999999886e+02 4.460000000000000000e+19
5.380000000000000338e-01 5.325000000000000000e+02 6.130000000000000000e+19
5.140000000000000124e-01 8.565000000000000000e+02 8.180000000000000000e+19
4.899999999999999911e-01 1.044099999999999909e+03 8.640000000000000000e+19
4.680000000000000271e-01 1.086299999999999955e+03 9.600000000000000000e+19
4.460000000000000075e-01 1.152799999999999955e+03 9.680000000000000000e+19
4.249999999999999889e-01 1.152799999999999955e+03 9.700000000000000000e+19
4.040000000000000258e-01 1.152799999999999955e+03 9.950000000000000000e+19
