5.919999999999999707e-01 9.320000000000000284e+01 1.460000000000000000e+19
5.819999999999999618e-01 1.114000000000000057e+02 1.880000000000000000e+19
5.629999999999999449e-01 2.770000000000000000e+02 3.070000000000000000e+19
5.380000000000000338e-01 5.325000000000000000e+02 5.110000000000000000e+19
5.140000000000000124e-01 8.565000000000000000e+02 7.240000000000000000e+19
4.899999999999999911e-01 1.108000000000000000e+03 7.760000000000000000e+19
4.680000000000000271e-01 1.152799999999999955e+03 8.630000000000000000e+19
4.460000000000000075e-01 1.175799999999999955e+03 9.030000000000000000e+19
4.249999999999999889e-01 1.223299999999999955e+03 9.060000000000000000e+19
4.040000000000000258e-01 1.175799999999999955e+03 8.910000000000000000e+19
