6.005000000000000338e-01 nan nan
5.899999999999999689e-01 8.500000000000000000e+00 7.250000000000000000e+18
5.699999999999999512e-01 1.102000000000000028e+02 4.790000000000000000e+19
5.450000000000000400e-01 2.921000000000000227e+02 8.310000000000000000e+19
5.210000000000000187e-01 5.692999999999999545e+02 1.280000000000000000e+20
4.969999999999999973e-01 8.485000000000000000e+02 1.500000000000000000e+20
4.739999999999999769e-01 9.332999999999999545e+02 1.610000000000000000e+20
4.530000000000000138e-01 9.866000000000000227e+02 1.630000000000000000e+20
4.309999999999999942e-01 1.085200000000000045e+03 1.690000000000000000e+20
4.099999999999999756e-01 1.055900000000000091e+03 1.720000000000000000e+20
