5.919999999999999707e-01 7.800000000000000000e+01 1.540000000000000000e+19
5.819999999999999618e-01 1.560000000000000000e+02 1.820000000000000000e+19
5.629999999999999449e-01 4.545000000000000000e+02 4.300000000000000000e+19
5.380000000000000338e-01 7.606000000000000227e+02 6.490000000000000000e+19
5.140000000000000124e-01 1.003600000000000023e+03 8.810000000000000000e+19
4.899999999999999911e-01 1.152799999999999955e+03 9.310000000000000000e+19
4.680000000000000271e-01 1.175799999999999955e+03 9.570000000000000000e+19
4.460000000000000075e-01 1.223299999999999955e+03 9.220000000000000000e+19
4.249999999999999889e-01 1.247799999999999955e+03 9.360000000000000000e+19
4.040000000000000258e-01 1.247799999999999955e+03 9.710000000000000000e+19
