6.005000000000000338e-01 1.200000000000000000e+01 7.410000000000000000e+18
5.899999999999999689e-01 5.350000000000000000e+01 2.720000000000000000e+19
5.699999999999999512e-01 1.899000000000000057e+02 5.000000000000000000e+19
5.450000000000000400e-01 4.705000000000000000e+02 1.290000000000000000e+20
5.210000000000000187e-01 7.212000000000000455e+02 1.630000000000000000e+20
4.969999999999999973e-01 8.288999999999999773e+02 1.760000000000000000e+20
4.739999999999999769e-01 8.727000000000000455e+02 1.910000000000000000e+20
4.530000000000000138e-01 8.968999999999999773e+02 1.890000000000000000e+20
4.309999999999999942e-01 9.332999999999999545e+02 1.910000000000000000e+20
4.099999999999999756e-01 9.598999999999999773e+02 1.950000000000000000e+20
