5.917000000000000037e-01 9.509999999999999432e+01 9.430000000000000000e+18
5.812000000000000499e-01 1.689000000000000057e+02 1.280000000000000000e+19
5.608999999999999542e-01 2.998999999999999773e+02 1.780000000000000000e+19
5.362000000000000099e-01 5.432000000000000455e+02 2.770000000000000000e+19
5.120000000000000107e-01 8.737000000000000455e+02 3.600000000000000000e+19
4.884999999999999898e-01 1.108000000000000000e+03 4.140000000000000000e+19
4.661000000000000143e-01 1.130200000000000045e+03 4.410000000000000000e+19
4.448000000000000287e-01 1.130200000000000045e+03 4.660000000000000000e+19
4.236000000000000321e-01 1.199400000000000091e+03 5.070000000000000000e+19
4.026000000000000134e-01 1.130200000000000045e+03 4.850000000000000000e+19
