5.919999999999999707e-01 5.570000000000000284e+01 2.210000000000000000e+19
5.819999999999999618e-01 9.890000000000000568e+01 3.160000000000000000e+19
5.629999999999999449e-01 2.940000000000000000e+02 4.110000000000000000e+19
5.380000000000000338e-01 5.540000000000000000e+02 5.370000000000000000e+19
5.140000000000000124e-01 8.071000000000000227e+02 6.710000000000000000e+19
4.899999999999999911e-01 9.457000000000000455e+02 7.330000000000000000e+19
4.680000000000000271e-01 9.271000000000000227e+02 7.830000000000000000e+19
4.460000000000000075e-01 8.737000000000000455e+02 7.860000000000000000e+19
4.249999999999999889e-01 9.271000000000000227e+02 7.790000000000000000e+19
4.040000000000000258e-01 9.271000000000000227e+02 8.160000000000000000e+19
