5.919999999999999707e-01 3.400000000000000000e+01 9.180000000000000000e+18
5.819999999999999618e-01 1.029000000000000057e+02 1.570000000000000000e+19
5.629999999999999449e-01 3.583999999999999773e+02 2.790000000000000000e+19
5.380000000000000338e-01 6.888999999999999773e+02 4.380000000000000000e+19
5.140000000000000124e-01 1.003600000000000023e+03 5.930000000000000000e+19
4.899999999999999911e-01 1.247799999999999955e+03 6.780000000000000000e+19
4.680000000000000271e-01 1.405200000000000045e+03 7.680000000000000000e+19
4.460000000000000075e-01 1.405200000000000045e+03 7.920000000000000000e+19
4.249999999999999889e-01 1.433299999999999955e+03 8.060000000000000000e+19
4.040000000000000258e-01 1.433299999999999955e+03 8.070000000000000000e+19
