5.917000000000000037e-01 1.280000000000000000e+02 1.260000000000000000e+19
5.812000000000000499e-01 2.559000000000000057e+02 2.110000000000000000e+19
5.608999999999999542e-01 4.545000000000000000e+02 3.140000000000000000e+19
5.362000000000000099e-01 8.737000000000000455e+02 4.320000000000000000e+19
5.120000000000000107e-01 1.272799999999999955e+03 5.150000000000000000e+19
4.884999999999999898e-01 1.324200000000000045e+03 5.440000000000000000e+19
4.661000000000000143e-01 1.405200000000000045e+03 6.100000000000000000e+19
4.448000000000000287e-01 1.350700000000000045e+03 5.990000000000000000e+19
4.236000000000000321e-01 1.462000000000000000e+03 6.190000000000000000e+19
4.026000000000000134e-01 1.377700000000000045e+03 6.070000000000000000e+19
