5.919999999999999707e-01 9.890000000000000568e+01 1.180000000000000000e+19
5.819999999999999618e-01 1.499000000000000057e+02 1.910000000000000000e+19
5.629999999999999449e-01 3.655000000000000000e+02 2.930000000000000000e+19
5.380000000000000338e-01 7.310000000000000000e+02 4.440000000000000000e+19
5.140000000000000124e-01 1.086299999999999955e+03 6.040000000000000000e+19
4.899999999999999911e-01 1.433299999999999955e+03 6.820000000000000000e+19
4.680000000000000271e-01 1.462000000000000000e+03 7.510000000000000000e+19
4.460000000000000075e-01 1.462000000000000000e+03 7.950000000000000000e+19
4.249999999999999889e-01 1.521099999999999909e+03 8.350000000000000000e+19
4.040000000000000258e-01 1.521099999999999909e+03 8.190000000000000000e+19
