5.919999999999999707e-01 8.440000000000000568e+01 1.580000000000000000e+19
5.819999999999999618e-01 1.255000000000000000e+02 1.810000000000000000e+19
5.629999999999999449e-01 4.116999999999999886e+02 3.720000000000000000e+19
5.380000000000000338e-01 6.888999999999999773e+02 4.650000000000000000e+19
5.140000000000000124e-01 1.086299999999999955e+03 5.890000000000000000e+19
4.899999999999999911e-01 1.223299999999999955e+03 5.870000000000000000e+19
4.680000000000000271e-01 1.152799999999999955e+03 6.220000000000000000e+19
4.460000000000000075e-01 1.108000000000000000e+03 6.440000000000000000e+19
4.249999999999999889e-01 1.175799999999999955e+03 6.360000000000000000e+19
4.040000000000000258e-01 1.223299999999999955e+03 6.390000000000000000e+19
