6.005000000000000338e-01 1.750000000000000000e+01 4.840000000000000000e+18
5.899999999999999689e-01 5.500000000000000000e+01 1.980000000000000000e+19
5.699999999999999512e-01 1.386999999999999886e+02 3.120000000000000000e+19
5.450000000000000400e-01 3.598000000000000114e+02 5.320000000000000000e+19
5.210000000000000187e-01 5.795000000000000000e+02 7.600000000000000000e+19
4.969999999999999973e-01 8.152999999999999545e+02 8.940000000000000000e+19
4.739999999999999769e-01 8.335000000000000000e+02 9.200000000000000000e+19
4.530000000000000138e-01 8.152999999999999545e+02 8.980000000000000000e+19
4.309999999999999942e-01 8.727000000000000455e+02 9.350000000000000000e+19
4.099999999999999756e-01 8.727000000000000455e+02 9.430000000000000000e+19
