5.917000000000000037e-01 1.009000000000000057e+02 1.110000000000000000e+19
5.812000000000000499e-01 1.529000000000000057e+02 1.390000000000000000e+19
5.608999999999999542e-01 3.120000000000000000e+02 1.950000000000000000e+19
5.362000000000000099e-01 5.540000000000000000e+02 2.800000000000000000e+19
5.120000000000000107e-01 8.565000000000000000e+02 3.650000000000000000e+19
4.884999999999999898e-01 1.044099999999999909e+03 4.070000000000000000e+19
4.661000000000000143e-01 1.086299999999999955e+03 4.510000000000000000e+19
4.448000000000000287e-01 1.065000000000000000e+03 4.520000000000000000e+19
4.236000000000000321e-01 1.130200000000000045e+03 4.810000000000000000e+19
4.026000000000000134e-01 1.086299999999999955e+03 4.690000000000000000e+19
