6.005000000000000338e-01 1.230000000000000071e+01 9.760000000000000000e+18
5.899999999999999689e-01 4.129999999999999716e+01 2.160000000000000000e+19
5.699999999999999512e-01 1.899000000000000057e+02 4.820000000000000000e+19
5.450000000000000400e-01 4.478000000000000114e+02 8.770000000000000000e+19
5.210000000000000187e-01 7.712999999999999545e+02 1.140000000000000000e+20
4.969999999999999973e-01 1.026700000000000045e+03 1.270000000000000000e+20
4.739999999999999769e-01 1.213599999999999909e+03 1.330000000000000000e+20
4.530000000000000138e-01 1.277700000000000045e+03 1.330000000000000000e+20
4.309999999999999942e-01 1.313099999999999909e+03 1.390000000000000000e+20
4.099999999999999756e-01 1.366500000000000000e+03 1.420000000000000000e+20
