5.919999999999999707e-01 2.900000000000000000e+01 6.900000000000000000e+18
5.819999999999999618e-01 1.255000000000000000e+02 1.700000000000000000e+19
5.629999999999999449e-01 3.120000000000000000e+02 2.890000000000000000e+19
5.380000000000000338e-01 6.491000000000000227e+02 4.150000000000000000e+19
5.140000000000000124e-01 1.065000000000000000e+03 5.460000000000000000e+19
4.899999999999999911e-01 1.405200000000000045e+03 5.880000000000000000e+19
4.680000000000000271e-01 1.405200000000000045e+03 6.490000000000000000e+19
4.460000000000000075e-01 1.350700000000000045e+03 6.600000000000000000e+19
4.249999999999999889e-01 1.462000000000000000e+03 6.940000000000000000e+19
4.040000000000000258e-01 1.462000000000000000e+03 7.080000000000000000e+19
