5.917000000000000037e-01 1.114000000000000057e+02 1.360000000000000000e+19
5.812000000000000499e-01 1.828000000000000114e+02 1.860000000000000000e+19
5.608999999999999542e-01 4.036000000000000227e+02 3.000000000000000000e+19
5.362000000000000099e-01 7.310000000000000000e+02 4.710000000000000000e+19
5.120000000000000107e-01 1.108000000000000000e+03 5.750000000000000000e+19
4.884999999999999898e-01 1.324200000000000045e+03 6.560000000000000000e+19
4.661000000000000143e-01 1.377700000000000045e+03 7.250000000000000000e+19
4.448000000000000287e-01 1.433299999999999955e+03 7.630000000000000000e+19
4.236000000000000321e-01 1.433299999999999955e+03 8.000000000000000000e+19
4.026000000000000134e-01 1.462000000000000000e+03 7.730000000000000000e+19
