6.005000000000000338e-01 1.639999999999999858e+01 6.310000000000000000e+18
5.899999999999999689e-01 7.829999999999999716e+01 3.190000000000000000e+19
5.699999999999999512e-01 2.298000000000000114e+02 5.390000000000000000e+19
5.450000000000000400e-01 4.926000000000000227e+02 1.000000000000000000e+20
5.210000000000000187e-01 7.212000000000000455e+02 1.240000000000000000e+20
4.969999999999999973e-01 9.598999999999999773e+02 1.390000000000000000e+20
4.739999999999999769e-01 9.866000000000000227e+02 1.440000000000000000e+20
4.530000000000000138e-01 1.003000000000000000e+03 1.410000000000000000e+20
4.309999999999999942e-01 1.055900000000000091e+03 1.460000000000000000e+20
4.099999999999999756e-01 1.055900000000000091e+03 1.440000000000000000e+20
