5.917000000000000037e-01 2.058000000000000114e+02 2.030000000000000000e+19
5.812000000000000499e-01 3.246000000000000227e+02 2.680000000000000000e+19
5.608999999999999542e-01 5.880000000000000000e+02 3.950000000000000000e+19
5.362000000000000099e-01 8.232999999999999545e+02 5.650000000000000000e+19
5.120000000000000107e-01 9.838999999999999773e+02 7.080000000000000000e+19
4.884999999999999898e-01 1.108000000000000000e+03 7.830000000000000000e+19
4.661000000000000143e-01 1.199400000000000091e+03 8.490000000000000000e+19
4.448000000000000287e-01 1.130200000000000045e+03 8.050000000000000000e+19
4.236000000000000321e-01 1.175799999999999955e+03 8.240000000000000000e+19
4.026000000000000134e-01 1.152799999999999955e+03 7.940000000000000000e+19
