5.919999999999999707e-01 7.209999999999999432e+01 1.620000000000000000e+19
5.819999999999999618e-01 1.159000000000000057e+02 2.070000000000000000e+19
5.629999999999999449e-01 3.181999999999999886e+02 3.850000000000000000e+19
5.380000000000000338e-01 6.363999999999999773e+02 6.470000000000000000e+19
5.140000000000000124e-01 1.003600000000000023e+03 8.050000000000000000e+19
4.899999999999999911e-01 1.199400000000000091e+03 8.090000000000000000e+19
4.680000000000000271e-01 1.247799999999999955e+03 9.150000000000000000e+19
4.460000000000000075e-01 1.272799999999999955e+03 9.500000000000000000e+19
4.249999999999999889e-01 1.350700000000000045e+03 9.670000000000000000e+19
4.040000000000000258e-01 1.324200000000000045e+03 9.960000000000000000e+19
