5.917000000000000037e-01 1.499000000000000057e+02 1.620000000000000000e+19
5.812000000000000499e-01 2.364000000000000057e+02 2.120000000000000000e+19
5.608999999999999542e-01 4.920000000000000000e+02 3.070000000000000000e+19
5.362000000000000099e-01 8.397000000000000455e+02 4.260000000000000000e+19
5.120000000000000107e-01 1.175799999999999955e+03 5.460000000000000000e+19
4.884999999999999898e-01 1.199400000000000091e+03 5.870000000000000000e+19
4.661000000000000143e-01 1.152799999999999955e+03 5.960000000000000000e+19
4.448000000000000287e-01 1.152799999999999955e+03 5.950000000000000000e+19
4.236000000000000321e-01 1.175799999999999955e+03 6.110000000000000000e+19
4.026000000000000134e-01 1.247799999999999955e+03 5.910000000000000000e+19
