5.919999999999999707e-01 4.220000000000000284e+01 1.700000000000000000e+19
5.819999999999999618e-01 8.279999999999999716e+01 2.630000000000000000e+19
5.629999999999999449e-01 1.978000000000000114e+02 4.130000000000000000e+19
5.380000000000000338e-01 4.116999999999999886e+02 5.640000000000000000e+19
5.140000000000000124e-01 6.621000000000000227e+02 7.220000000000000000e+19
4.899999999999999911e-01 8.737000000000000455e+02 7.870000000000000000e+19
4.680000000000000271e-01 8.737000000000000455e+02 8.360000000000000000e+19
4.460000000000000075e-01 8.232999999999999545e+02 8.210000000000000000e+19
4.249999999999999889e-01 8.565000000000000000e+02 8.270000000000000000e+19
4.040000000000000258e-01 8.232999999999999545e+02 8.380000000000000000e+19
