6.005000000000000338e-01 1.800000000000000000e+01 1.260000000000000000e+19
5.899999999999999689e-01 7.120000000000000284e+01 3.040000000000000000e+19
5.699999999999999512e-01 2.183000000000000114e+02 5.510000000000000000e+19
5.450000000000000400e-01 4.183999999999999773e+02 8.630000000000000000e+19
5.210000000000000187e-01 6.375000000000000000e+02 1.020000000000000000e+20
4.969999999999999973e-01 8.288999999999999773e+02 1.060000000000000000e+20
4.739999999999999769e-01 9.168999999999999773e+02 1.100000000000000000e+20
4.530000000000000138e-01 9.168999999999999773e+02 1.080000000000000000e+20
4.309999999999999942e-01 9.866000000000000227e+02 1.150000000000000000e+20
4.099999999999999756e-01 9.598999999999999773e+02 1.130000000000000000e+20
