5.917000000000000037e-01 1.255000000000000000e+02 4.290000000000000000e+18
5.812000000000000499e-01 1.590999999999999943e+02 6.660000000000000000e+18
5.608999999999999542e-01 3.583999999999999773e+02 1.040000000000000000e+19
5.362000000000000099e-01 5.540000000000000000e+02 1.380000000000000000e+19
5.120000000000000107e-01 8.071000000000000227e+02 1.700000000000000000e+19
4.884999999999999898e-01 9.457000000000000455e+02 1.820000000000000000e+19
4.661000000000000143e-01 8.911000000000000227e+02 1.900000000000000000e+19
4.448000000000000287e-01 8.911000000000000227e+02 1.940000000000000000e+19
4.236000000000000321e-01 8.737000000000000455e+02 1.920000000000000000e+19
4.026000000000000134e-01 8.397000000000000455e+02 1.820000000000000000e+19
