5.917000000000000037e-01 2.110000000000000142e+01 1.270000000000000000e+19
5.812000000000000499e-01 6.400000000000000000e+01 2.350000000000000000e+19
5.608999999999999542e-01 1.623000000000000114e+02 3.290000000000000000e+19
5.362000000000000099e-01 2.460000000000000000e+02 3.640000000000000000e+19
5.120000000000000107e-01 4.116999999999999886e+02 4.550000000000000000e+19
4.884999999999999898e-01 6.238999999999999773e+02 5.030000000000000000e+19
4.661000000000000143e-01 6.117000000000000455e+02 5.180000000000000000e+19
4.448000000000000287e-01 6.117000000000000455e+02 5.180000000000000000e+19
4.236000000000000321e-01 6.117000000000000455e+02 5.250000000000000000e+19
4.026000000000000134e-01 6.363999999999999773e+02 5.280000000000000000e+19
