6.005000000000000338e-01 nan nan
5.899999999999999689e-01 9.199999999999999289e+00 5.870000000000000000e+18
5.699999999999999512e-01 8.859999999999999432e+01 4.360000000000000000e+19
5.450000000000000400e-01 2.598000000000000114e+02 7.820000000000000000e+19
5.210000000000000187e-01 5.147000000000000455e+02 1.380000000000000000e+20
4.969999999999999973e-01 7.712999999999999545e+02 1.580000000000000000e+20
4.739999999999999769e-01 8.968999999999999773e+02 1.750000000000000000e+20
4.530000000000000138e-01 9.598999999999999773e+02 1.730000000000000000e+20
4.309999999999999942e-01 1.003000000000000000e+03 1.850000000000000000e+20
4.099999999999999756e-01 1.003000000000000000e+03 1.850000000000000000e+20
