6.005000000000000338e-01 nan nan
5.899999999999999689e-01 nan nan
5.699999999999999512e-01 7.529999999999999716e+01 3.680000000000000000e+19
5.450000000000000400e-01 2.656000000000000227e+02 7.740000000000000000e+19
5.210000000000000187e-01 5.063000000000000114e+02 1.300000000000000000e+20
4.969999999999999973e-01 7.412000000000000455e+02 1.480000000000000000e+20
4.739999999999999769e-01 9.168999999999999773e+02 1.640000000000000000e+20
4.530000000000000138e-01 8.968999999999999773e+02 1.650000000000000000e+20
4.309999999999999942e-01 1.055900000000000091e+03 1.730000000000000000e+20
4.099999999999999756e-01 1.055900000000000091e+03 1.740000000000000000e+20
