6.005000000000000338e-01 nan nan
5.899999999999999689e-01 3.420000000000000284e+01 1.750000000000000000e+19
5.699999999999999512e-01 2.234000000000000057e+02 4.650000000000000000e+19
5.450000000000000400e-01 5.267999999999999545e+02 7.840000000000000000e+19
5.210000000000000187e-01 7.932999999999999545e+02 9.550000000000000000e+19
4.969999999999999973e-01 1.055900000000000091e+03 1.080000000000000000e+20
4.739999999999999769e-01 1.313099999999999909e+03 1.140000000000000000e+20
4.530000000000000138e-01 1.342400000000000091e+03 1.120000000000000000e+20
4.309999999999999942e-01 1.444400000000000091e+03 1.200000000000000000e+20
4.099999999999999756e-01 1.503099999999999909e+03 1.230000000000000000e+20
