6.005000000000000338e-01 7.799999999999999822e+00 7.300000000000000000e+18
5.899999999999999689e-01 5.500000000000000000e+01 4.000000000000000000e+19
5.699999999999999512e-01 1.525999999999999943e+02 6.570000000000000000e+19
5.450000000000000400e-01 4.183999999999999773e+02 1.090000000000000000e+20
5.210000000000000187e-01 6.227999999999999545e+02 1.390000000000000000e+20
4.969999999999999973e-01 6.851000000000000227e+02 1.440000000000000000e+20
4.739999999999999769e-01 7.212000000000000455e+02 1.530000000000000000e+20
4.530000000000000138e-01 6.888999999999999773e+02 1.490000000000000000e+20
4.309999999999999942e-01 7.212000000000000455e+02 1.540000000000000000e+20
4.099999999999999756e-01 7.536000000000000227e+02 1.520000000000000000e+20
