5.919999999999999707e-01 1.230000000000000000e+02 1.260000000000000000e+19
5.819999999999999618e-01 1.756999999999999886e+02 1.950000000000000000e+19
5.629999999999999449e-01 3.878999999999999773e+02 3.080000000000000000e+19
5.380000000000000338e-01 7.457000000000000455e+02 4.850000000000000000e+19
5.140000000000000124e-01 1.152799999999999955e+03 6.690000000000000000e+19
4.899999999999999911e-01 1.377700000000000045e+03 7.450000000000000000e+19
4.680000000000000271e-01 1.491200000000000045e+03 7.960000000000000000e+19
4.460000000000000075e-01 1.491200000000000045e+03 8.330000000000000000e+19
4.249999999999999889e-01 1.582500000000000000e+03 8.750000000000000000e+19
4.040000000000000258e-01 1.521099999999999909e+03 8.570000000000000000e+19
