5.919999999999999707e-01 4.220000000000000284e+01 1.120000000000000000e+19
5.819999999999999618e-01 1.280000000000000000e+02 2.220000000000000000e+19
5.629999999999999449e-01 3.655000000000000000e+02 3.990000000000000000e+19
5.380000000000000338e-01 7.310000000000000000e+02 5.960000000000000000e+19
5.140000000000000124e-01 1.108000000000000000e+03 7.770000000000000000e+19
4.899999999999999911e-01 1.272799999999999955e+03 8.960000000000000000e+19
4.680000000000000271e-01 1.298200000000000045e+03 9.840000000000000000e+19
4.460000000000000075e-01 1.377700000000000045e+03 9.810000000000000000e+19
4.249999999999999889e-01 1.405200000000000045e+03 9.930000000000000000e+19
4.040000000000000258e-01 1.405200000000000045e+03 1.000000000000000000e+20
