6.005000000000000338e-01 1.550000000000000000e+01 1.620000000000000000e+19
5.899999999999999689e-01 5.000000000000000000e+01 4.710000000000000000e+19
5.699999999999999512e-01 1.774000000000000057e+02 6.460000000000000000e+19
5.450000000000000400e-01 3.701000000000000227e+02 1.060000000000000000e+20
5.210000000000000187e-01 5.795000000000000000e+02 1.260000000000000000e+20
4.969999999999999973e-01 8.152999999999999545e+02 1.340000000000000000e+20
4.739999999999999769e-01 8.968999999999999773e+02 1.390000000000000000e+20
4.530000000000000138e-01 8.727000000000000455e+02 1.380000000000000000e+20
4.309999999999999942e-01 9.117999999999999545e+02 1.450000000000000000e+20
4.099999999999999756e-01 9.168999999999999773e+02 1.470000000000000000e+20
