5.919999999999999707e-01 6.270000000000000284e+01 1.050000000000000000e+19
5.819999999999999618e-01 1.385000000000000000e+02 1.860000000000000000e+19
5.629999999999999449e-01 3.445000000000000000e+02 3.390000000000000000e+19
5.380000000000000338e-01 6.753999999999999773e+02 5.420000000000000000e+19
5.140000000000000124e-01 1.065000000000000000e+03 6.280000000000000000e+19
4.899999999999999911e-01 1.324200000000000045e+03 6.360000000000000000e+19
4.680000000000000271e-01 1.324200000000000045e+03 7.160000000000000000e+19
4.460000000000000075e-01 1.350700000000000045e+03 7.400000000000000000e+19
4.249999999999999889e-01 1.462000000000000000e+03 7.540000000000000000e+19
4.040000000000000258e-01 1.405200000000000045e+03 7.520000000000000000e+19
