5.919999999999999707e-01 7.209999999999999432e+01 6.020000000000000000e+18
5.819999999999999618e-01 1.159000000000000057e+02 8.070000000000000000e+18
5.629999999999999449e-01 2.018000000000000114e+02 1.080000000000000000e+19
5.380000000000000338e-01 3.583999999999999773e+02 1.370000000000000000e+19
5.140000000000000124e-01 5.651000000000000227e+02 1.730000000000000000e+19
4.899999999999999911e-01 8.071000000000000227e+02 1.980000000000000000e+19
4.680000000000000271e-01 9.457000000000000455e+02 2.210000000000000000e+19
4.460000000000000075e-01 9.838999999999999773e+02 2.300000000000000000e+19
4.249999999999999889e-01 9.090000000000000000e+02 2.320000000000000000e+19
4.040000000000000258e-01 9.457000000000000455e+02 2.380000000000000000e+19
