5.919999999999999707e-01 2.960000000000000142e+01 8.370000000000000000e+18
5.819999999999999618e-01 1.009000000000000057e+02 2.110000000000000000e+19
5.629999999999999449e-01 3.246000000000000227e+02 3.940000000000000000e+19
5.380000000000000338e-01 6.621000000000000227e+02 5.930000000000000000e+19
5.140000000000000124e-01 9.838999999999999773e+02 7.710000000000000000e+19
4.899999999999999911e-01 1.223299999999999955e+03 8.780000000000000000e+19
4.680000000000000271e-01 1.298200000000000045e+03 9.910000000000000000e+19
4.460000000000000075e-01 1.350700000000000045e+03 1.010000000000000000e+20
4.249999999999999889e-01 1.324200000000000045e+03 9.900000000000000000e+19
4.040000000000000258e-01 1.350700000000000045e+03 9.950000000000000000e+19
