5.917000000000000037e-01 9.320000000000000284e+01 1.440000000000000000e+19
5.812000000000000499e-01 2.018000000000000114e+02 1.960000000000000000e+19
5.608999999999999542e-01 4.636000000000000227e+02 3.270000000000000000e+19
5.362000000000000099e-01 7.912999999999999545e+02 4.440000000000000000e+19
5.120000000000000107e-01 1.152799999999999955e+03 5.600000000000000000e+19
4.884999999999999898e-01 1.272799999999999955e+03 6.120000000000000000e+19
4.661000000000000143e-01 1.298200000000000045e+03 6.620000000000000000e+19
4.448000000000000287e-01 1.377700000000000045e+03 6.840000000000000000e+19
4.236000000000000321e-01 1.377700000000000045e+03 6.990000000000000000e+19
4.026000000000000134e-01 1.405200000000000045e+03 7.090000000000000000e+19
