5.919999999999999707e-01 5.150000000000000000e+01 1.270000000000000000e+19
5.819999999999999618e-01 1.255000000000000000e+02 2.260000000000000000e+19
5.629999999999999449e-01 2.826000000000000227e+02 4.260000000000000000e+19
5.380000000000000338e-01 6.491000000000000227e+02 7.050000000000000000e+19
5.140000000000000124e-01 9.838999999999999773e+02 9.170000000000000000e+19
4.899999999999999911e-01 1.152799999999999955e+03 9.430000000000000000e+19
4.680000000000000271e-01 1.247799999999999955e+03 1.060000000000000000e+20
4.460000000000000075e-01 1.223299999999999955e+03 1.100000000000000000e+20
4.249999999999999889e-01 1.298200000000000045e+03 1.100000000000000000e+20
4.040000000000000258e-01 1.272799999999999955e+03 1.120000000000000000e+20
