5.917000000000000037e-01 1.828000000000000114e+02 1.200000000000000000e+19
5.812000000000000499e-01 2.411999999999999886e+02 1.350000000000000000e+19
5.608999999999999542e-01 4.368999999999999773e+02 1.970000000000000000e+19
5.362000000000000099e-01 6.753999999999999773e+02 2.700000000000000000e+19
5.120000000000000107e-01 8.397000000000000455e+02 3.380000000000000000e+19
4.884999999999999898e-01 9.457000000000000455e+02 3.470000000000000000e+19
4.661000000000000143e-01 8.565000000000000000e+02 3.690000000000000000e+19
4.448000000000000287e-01 8.737000000000000455e+02 3.800000000000000000e+19
4.236000000000000321e-01 9.271000000000000227e+02 3.930000000000000000e+19
4.026000000000000134e-01 8.911000000000000227e+02 3.910000000000000000e+19
