6.005000000000000338e-01 nan nan
5.899999999999999689e-01 1.119999999999999929e+01 7.770000000000000000e+18
5.699999999999999512e-01 1.613000000000000114e+02 4.650000000000000000e+19
5.450000000000000400e-01 3.803999999999999773e+02 7.890000000000000000e+19
5.210000000000000187e-01 6.375000000000000000e+02 1.230000000000000000e+20
4.969999999999999973e-01 8.485000000000000000e+02 1.450000000000000000e+20
4.739999999999999769e-01 9.168999999999999773e+02 1.500000000000000000e+20
4.530000000000000138e-01 9.598999999999999773e+02 1.490000000000000000e+20
4.309999999999999942e-01 9.332999999999999545e+02 1.570000000000000000e+20
4.099999999999999756e-01 9.332999999999999545e+02 1.560000000000000000e+20
