6.005000000000000338e-01 2.900000000000000000e+01 2.020000000000000000e+19
5.899999999999999689e-01 7.529999999999999716e+01 4.130000000000000000e+19
5.699999999999999512e-01 2.089000000000000057e+02 5.800000000000000000e+19
5.450000000000000400e-01 4.071000000000000227e+02 9.050000000000000000e+19
5.210000000000000187e-01 6.375000000000000000e+02 1.110000000000000000e+20
4.969999999999999973e-01 8.727000000000000455e+02 1.150000000000000000e+20
4.739999999999999769e-01 9.332999999999999545e+02 1.150000000000000000e+20
4.530000000000000138e-01 9.598999999999999773e+02 1.180000000000000000e+20
4.309999999999999942e-01 9.866000000000000227e+02 1.240000000000000000e+20
4.099999999999999756e-01 1.003000000000000000e+03 1.250000000000000000e+20
