5.917000000000000037e-01 6.929999999999999716e+01 1.330000000000000000e+19
5.812000000000000499e-01 2.018000000000000114e+02 2.000000000000000000e+19
5.608999999999999542e-01 4.728999999999999773e+02 3.440000000000000000e+19
5.362000000000000099e-01 8.232999999999999545e+02 5.090000000000000000e+19
5.120000000000000107e-01 1.298200000000000045e+03 6.250000000000000000e+19
4.884999999999999898e-01 1.405200000000000045e+03 6.620000000000000000e+19
4.661000000000000143e-01 1.462000000000000000e+03 7.070000000000000000e+19
4.448000000000000287e-01 1.521099999999999909e+03 7.200000000000000000e+19
4.236000000000000321e-01 1.551500000000000000e+03 7.400000000000000000e+19
4.026000000000000134e-01 1.491200000000000045e+03 7.320000000000000000e+19
