5.919999999999999707e-01 3.529999999999999716e+01 1.030000000000000000e+19
5.819999999999999618e-01 8.120000000000000284e+01 1.440000000000000000e+19
5.629999999999999449e-01 2.100000000000000000e+02 2.220000000000000000e+19
5.380000000000000338e-01 3.513000000000000114e+02 2.870000000000000000e+19
5.140000000000000124e-01 6.117000000000000455e+02 3.940000000000000000e+19
4.899999999999999911e-01 7.457000000000000455e+02 4.160000000000000000e+19
4.680000000000000271e-01 7.606000000000000227e+02 4.730000000000000000e+19
4.460000000000000075e-01 8.071000000000000227e+02 4.850000000000000000e+19
4.249999999999999889e-01 8.565000000000000000e+02 4.860000000000000000e+19
4.040000000000000258e-01 8.232999999999999545e+02 5.220000000000000000e+19
