5.919999999999999707e-01 5.050000000000000000e+01 1.450000000000000000e+19
5.819999999999999618e-01 1.092000000000000028e+02 2.180000000000000000e+19
5.629999999999999449e-01 4.116999999999999886e+02 4.120000000000000000e+19
5.380000000000000338e-01 7.027000000000000455e+02 5.710000000000000000e+19
5.140000000000000124e-01 7.457000000000000455e+02 7.570000000000000000e+19
4.899999999999999911e-01 7.912999999999999545e+02 7.340000000000000000e+19
4.680000000000000271e-01 7.757999999999999545e+02 7.800000000000000000e+19
4.460000000000000075e-01 8.071000000000000227e+02 7.880000000000000000e+19
4.249999999999999889e-01 8.737000000000000455e+02 7.850000000000000000e+19
4.040000000000000258e-01 8.565000000000000000e+02 7.990000000000000000e+19
