6.005000000000000338e-01 1.800000000000000000e+01 1.010000000000000000e+19
5.899999999999999689e-01 5.879999999999999716e+01 2.880000000000000000e+19
5.699999999999999512e-01 2.030999999999999943e+02 5.160000000000000000e+19
5.450000000000000400e-01 4.478000000000000114e+02 1.190000000000000000e+20
5.210000000000000187e-01 7.012000000000000455e+02 1.470000000000000000e+20
4.969999999999999973e-01 8.727000000000000455e+02 1.580000000000000000e+20
4.739999999999999769e-01 9.332999999999999545e+02 1.720000000000000000e+20
4.530000000000000138e-01 9.598999999999999773e+02 1.730000000000000000e+20
4.309999999999999942e-01 1.055900000000000091e+03 1.800000000000000000e+20
4.099999999999999756e-01 1.085200000000000045e+03 1.820000000000000000e+20
