5.917000000000000037e-01 1.330999999999999943e+02 7.850000000000000000e+18
5.812000000000000499e-01 1.499000000000000057e+02 1.010000000000000000e+19
5.608999999999999542e-01 3.181999999999999886e+02 1.330000000000000000e+19
5.362000000000000099e-01 4.728999999999999773e+02 1.840000000000000000e+19
5.120000000000000107e-01 7.457000000000000455e+02 2.190000000000000000e+19
4.884999999999999898e-01 9.271000000000000227e+02 2.450000000000000000e+19
4.661000000000000143e-01 8.911000000000000227e+02 2.660000000000000000e+19
4.448000000000000287e-01 9.090000000000000000e+02 2.620000000000000000e+19
4.236000000000000321e-01 9.457000000000000455e+02 2.670000000000000000e+19
4.026000000000000134e-01 9.457000000000000455e+02 2.720000000000000000e+19
