5.917000000000000037e-01 1.910000000000000142e+01 9.600000000000000000e+18
5.812000000000000499e-01 5.350000000000000000e+01 2.010000000000000000e+19
5.608999999999999542e-01 1.560000000000000000e+02 3.180000000000000000e+19
5.362000000000000099e-01 2.364000000000000057e+02 3.730000000000000000e+19
5.120000000000000107e-01 4.283000000000000114e+02 4.320000000000000000e+19
4.884999999999999898e-01 6.117000000000000455e+02 4.940000000000000000e+19
4.661000000000000143e-01 6.238999999999999773e+02 5.170000000000000000e+19
4.448000000000000287e-01 6.238999999999999773e+02 5.030000000000000000e+19
4.236000000000000321e-01 6.117000000000000455e+02 5.220000000000000000e+19
4.026000000000000134e-01 6.117000000000000455e+02 5.090000000000000000e+19
