5.917000000000000037e-01 1.358000000000000114e+02 9.770000000000000000e+18
5.812000000000000499e-01 1.655999999999999943e+02 1.230000000000000000e+19
5.608999999999999542e-01 2.998999999999999773e+02 1.790000000000000000e+19
5.362000000000000099e-01 5.432000000000000455e+02 2.640000000000000000e+19
5.120000000000000107e-01 8.911000000000000227e+02 3.420000000000000000e+19
4.884999999999999898e-01 1.086299999999999955e+03 4.020000000000000000e+19
4.661000000000000143e-01 1.130200000000000045e+03 4.260000000000000000e+19
4.448000000000000287e-01 1.086299999999999955e+03 4.320000000000000000e+19
4.236000000000000321e-01 1.175799999999999955e+03 4.790000000000000000e+19
4.026000000000000134e-01 1.199400000000000091e+03 4.680000000000000000e+19
