6.005000000000000338e-01 1.280000000000000071e+01 3.720000000000000000e+18
5.899999999999999689e-01 9.000000000000000000e+00 7.350000000000000000e+18
5.699999999999999512e-01 1.147000000000000028e+02 4.270000000000000000e+19
5.450000000000000400e-01 3.058999999999999773e+02 8.640000000000000000e+19
5.210000000000000187e-01 5.568999999999999773e+02 1.320000000000000000e+20
4.969999999999999973e-01 8.335000000000000000e+02 1.550000000000000000e+20
4.739999999999999769e-01 9.598999999999999773e+02 1.670000000000000000e+20
4.530000000000000138e-01 9.866000000000000227e+02 1.640000000000000000e+20
4.309999999999999942e-01 1.055900000000000091e+03 1.760000000000000000e+20
4.099999999999999756e-01 1.085200000000000045e+03 1.750000000000000000e+20
