5.917000000000000037e-01 8.779999999999999716e+01 8.840000000000000000e+18
5.812000000000000499e-01 1.470000000000000000e+02 1.170000000000000000e+19
5.608999999999999542e-01 3.058999999999999773e+02 1.760000000000000000e+19
5.362000000000000099e-01 5.221000000000000227e+02 2.600000000000000000e+19
5.120000000000000107e-01 8.397000000000000455e+02 3.410000000000000000e+19
4.884999999999999898e-01 1.023600000000000023e+03 3.880000000000000000e+19
4.661000000000000143e-01 1.108000000000000000e+03 4.120000000000000000e+19
4.448000000000000287e-01 1.108000000000000000e+03 4.140000000000000000e+19
4.236000000000000321e-01 1.086299999999999955e+03 4.300000000000000000e+19
4.026000000000000134e-01 1.086299999999999955e+03 4.300000000000000000e+19
