6.005000000000000338e-01 1.090000000000000036e+01 3.770000000000000000e+18
5.899999999999999689e-01 8.199999999999999289e+00 9.090000000000000000e+18
5.699999999999999512e-01 8.859999999999999432e+01 4.040000000000000000e+19
5.450000000000000400e-01 2.781000000000000227e+02 7.370000000000000000e+19
5.210000000000000187e-01 5.418999999999999773e+02 1.260000000000000000e+20
4.969999999999999973e-01 7.932999999999999545e+02 1.430000000000000000e+20
4.739999999999999769e-01 9.598999999999999773e+02 1.600000000000000000e+20
4.530000000000000138e-01 9.598999999999999773e+02 1.570000000000000000e+20
4.309999999999999942e-01 1.055900000000000091e+03 1.650000000000000000e+20
4.099999999999999756e-01 1.085200000000000045e+03 1.700000000000000000e+20
