5.917000000000000037e-01 3.600000000000000000e+01 1.270000000000000000e+19
5.812000000000000499e-01 8.959999999999999432e+01 1.910000000000000000e+19
5.608999999999999542e-01 1.689000000000000057e+02 3.160000000000000000e+19
5.362000000000000099e-01 2.559000000000000057e+02 3.720000000000000000e+19
5.120000000000000107e-01 4.368999999999999773e+02 4.500000000000000000e+19
4.884999999999999898e-01 5.997000000000000455e+02 4.970000000000000000e+19
4.661000000000000143e-01 6.117000000000000455e+02 5.230000000000000000e+19
4.448000000000000287e-01 6.238999999999999773e+02 5.230000000000000000e+19
4.236000000000000321e-01 6.238999999999999773e+02 5.240000000000000000e+19
4.026000000000000134e-01 6.117000000000000455e+02 5.140000000000000000e+19
