6.005000000000000338e-01 1.830000000000000071e+01 1.470000000000000000e+19
5.899999999999999689e-01 6.659999999999999432e+01 3.530000000000000000e+19
5.699999999999999512e-01 2.361999999999999886e+02 5.210000000000000000e+19
5.450000000000000400e-01 4.788999999999999773e+02 8.360000000000000000e+19
5.210000000000000187e-01 7.212000000000000455e+02 9.810000000000000000e+19
4.969999999999999973e-01 1.003000000000000000e+03 1.020000000000000000e+20
4.739999999999999769e-01 1.055900000000000091e+03 1.030000000000000000e+20
4.530000000000000138e-01 1.055900000000000091e+03 1.010000000000000000e+20
4.309999999999999942e-01 1.129299999999999955e+03 1.100000000000000000e+20
4.099999999999999756e-01 1.129299999999999955e+03 1.090000000000000000e+20
