5.919999999999999707e-01 4.850000000000000000e+01 6.940000000000000000e+18
5.819999999999999618e-01 1.940000000000000000e+02 2.130000000000000000e+19
5.629999999999999449e-01 4.198999999999999773e+02 3.460000000000000000e+19
5.380000000000000338e-01 7.606000000000000227e+02 4.480000000000000000e+19
5.140000000000000124e-01 1.065000000000000000e+03 5.690000000000000000e+19
4.899999999999999911e-01 1.247799999999999955e+03 5.900000000000000000e+19
4.680000000000000271e-01 1.272799999999999955e+03 6.460000000000000000e+19
4.460000000000000075e-01 1.247799999999999955e+03 6.570000000000000000e+19
4.249999999999999889e-01 1.223299999999999955e+03 6.480000000000000000e+19
4.040000000000000258e-01 1.272799999999999955e+03 6.580000000000000000e+19
