6.005000000000000338e-01 nan nan
5.899999999999999689e-01 1.090000000000000036e+01 7.750000000000000000e+18
5.699999999999999512e-01 1.147000000000000028e+02 4.850000000000000000e+19
5.450000000000000400e-01 3.143000000000000114e+02 8.680000000000000000e+19
5.210000000000000187e-01 5.960000000000000000e+02 1.350000000000000000e+20
4.969999999999999973e-01 8.485000000000000000e+02 1.550000000000000000e+20
4.739999999999999769e-01 9.598999999999999773e+02 1.690000000000000000e+20
4.530000000000000138e-01 1.003000000000000000e+03 1.730000000000000000e+20
4.309999999999999942e-01 1.109400000000000091e+03 1.780000000000000000e+20
4.099999999999999756e-01 1.109400000000000091e+03 1.810000000000000000e+20
