5.917000000000000037e-01 9.320000000000000284e+01 5.500000000000000000e+18
5.812000000000000499e-01 1.182000000000000028e+02 6.340000000000000000e+18
5.608999999999999542e-01 2.663000000000000114e+02 8.580000000000000000e+18
5.362000000000000099e-01 4.368999999999999773e+02 1.200000000000000000e+19
5.120000000000000107e-01 8.071000000000000227e+02 1.550000000000000000e+19
4.884999999999999898e-01 8.911000000000000227e+02 1.540000000000000000e+19
4.661000000000000143e-01 8.397000000000000455e+02 1.630000000000000000e+19
4.448000000000000287e-01 8.737000000000000455e+02 1.690000000000000000e+19
4.236000000000000321e-01 9.457000000000000455e+02 1.790000000000000000e+19
4.026000000000000134e-01 9.457000000000000455e+02 1.770000000000000000e+19
