5.917000000000000037e-01 9.320000000000000284e+01 1.310000000000000000e+19
5.812000000000000499e-01 1.901999999999999886e+02 1.890000000000000000e+19
5.608999999999999542e-01 4.456000000000000227e+02 3.170000000000000000e+19
5.362000000000000099e-01 8.737000000000000455e+02 4.620000000000000000e+19
5.120000000000000107e-01 1.272799999999999955e+03 5.600000000000000000e+19
4.884999999999999898e-01 1.405200000000000045e+03 6.160000000000000000e+19
4.661000000000000143e-01 1.551500000000000000e+03 6.660000000000000000e+19
4.448000000000000287e-01 1.462000000000000000e+03 6.820000000000000000e+19
4.236000000000000321e-01 1.582500000000000000e+03 7.340000000000000000e+19
4.026000000000000134e-01 1.582500000000000000e+03 7.100000000000000000e+19
