5.919999999999999707e-01 8.440000000000000568e+01 1.150000000000000000e+19
5.819999999999999618e-01 1.756999999999999886e+02 1.670000000000000000e+19
5.629999999999999449e-01 3.583999999999999773e+02 2.670000000000000000e+19
5.380000000000000338e-01 6.888999999999999773e+02 4.190000000000000000e+19
5.140000000000000124e-01 1.003600000000000023e+03 5.790000000000000000e+19
4.899999999999999911e-01 1.324200000000000045e+03 6.740000000000000000e+19
4.680000000000000271e-01 1.377700000000000045e+03 7.540000000000000000e+19
4.460000000000000075e-01 1.405200000000000045e+03 8.100000000000000000e+19
4.249999999999999889e-01 1.462000000000000000e+03 8.610000000000000000e+19
4.040000000000000258e-01 1.462000000000000000e+03 8.370000000000000000e+19
