6.005000000000000338e-01 1.980000000000000071e+01 9.560000000000000000e+18
5.899999999999999689e-01 8.859999999999999432e+01 3.120000000000000000e+19
5.699999999999999512e-01 2.298000000000000114e+02 5.270000000000000000e+19
5.450000000000000400e-01 4.705000000000000000e+02 1.110000000000000000e+20
5.210000000000000187e-01 7.212000000000000455e+02 1.320000000000000000e+20
4.969999999999999973e-01 9.117999999999999545e+02 1.470000000000000000e+20
4.739999999999999769e-01 9.332999999999999545e+02 1.510000000000000000e+20
4.530000000000000138e-01 9.332999999999999545e+02 1.490000000000000000e+20
4.309999999999999942e-01 1.003000000000000000e+03 1.480000000000000000e+20
4.099999999999999756e-01 1.008600000000000023e+03 1.460000000000000000e+20
