6.005000000000000338e-01 1.259999999999999964e+01 9.870000000000000000e+18
5.899999999999999689e-01 6.050000000000000000e+01 3.090000000000000000e+19
5.699999999999999512e-01 2.195000000000000000e+02 5.290000000000000000e+19
5.450000000000000400e-01 4.678999999999999773e+02 1.240000000000000000e+20
5.210000000000000187e-01 6.737999999999999545e+02 1.560000000000000000e+20
4.969999999999999973e-01 8.485000000000000000e+02 1.670000000000000000e+20
4.739999999999999769e-01 9.598999999999999773e+02 1.840000000000000000e+20
4.530000000000000138e-01 9.332999999999999545e+02 1.800000000000000000e+20
4.309999999999999942e-01 1.003000000000000000e+03 1.850000000000000000e+20
4.099999999999999756e-01 1.008600000000000023e+03 1.850000000000000000e+20
