5.919999999999999707e-01 5.910000000000000142e+01 1.270000000000000000e+19
5.819999999999999618e-01 9.890000000000000568e+01 1.970000000000000000e+19
5.629999999999999449e-01 2.460000000000000000e+02 3.790000000000000000e+19
5.380000000000000338e-01 5.118000000000000114e+02 5.290000000000000000e+19
5.140000000000000124e-01 8.397000000000000455e+02 6.860000000000000000e+19
4.899999999999999911e-01 9.838999999999999773e+02 6.890000000000000000e+19
4.680000000000000271e-01 1.023600000000000023e+03 7.770000000000000000e+19
4.460000000000000075e-01 9.838999999999999773e+02 7.810000000000000000e+19
4.249999999999999889e-01 1.086299999999999955e+03 7.860000000000000000e+19
4.040000000000000258e-01 1.065000000000000000e+03 8.290000000000000000e+19
