5.919999999999999707e-01 3.679999999999999716e+01 1.250000000000000000e+19
5.819999999999999618e-01 1.978000000000000114e+02 2.430000000000000000e+19
5.629999999999999449e-01 4.636000000000000227e+02 3.420000000000000000e+19
5.380000000000000338e-01 8.232999999999999545e+02 4.970000000000000000e+19
5.140000000000000124e-01 1.175799999999999955e+03 6.230000000000000000e+19
4.899999999999999911e-01 1.223299999999999955e+03 6.600000000000000000e+19
4.680000000000000271e-01 1.324200000000000045e+03 7.300000000000000000e+19
4.460000000000000075e-01 1.247799999999999955e+03 7.250000000000000000e+19
4.249999999999999889e-01 1.298200000000000045e+03 7.140000000000000000e+19
4.040000000000000258e-01 1.298200000000000045e+03 7.490000000000000000e+19
