5.919999999999999707e-01 8.120000000000000284e+01 1.580000000000000000e+19
5.819999999999999618e-01 1.159000000000000057e+02 2.100000000000000000e+19
5.629999999999999449e-01 2.881999999999999886e+02 3.820000000000000000e+19
5.380000000000000338e-01 6.117000000000000455e+02 5.670000000000000000e+19
5.140000000000000124e-01 9.457000000000000455e+02 7.030000000000000000e+19
4.899999999999999911e-01 1.152799999999999955e+03 7.380000000000000000e+19
4.680000000000000271e-01 1.199400000000000091e+03 8.410000000000000000e+19
4.460000000000000075e-01 1.223299999999999955e+03 8.680000000000000000e+19
4.249999999999999889e-01 1.324200000000000045e+03 8.830000000000000000e+19
4.040000000000000258e-01 1.247799999999999955e+03 8.930000000000000000e+19
