6.005000000000000338e-01 2.739999999999999858e+01 9.900000000000000000e+18
5.899999999999999689e-01 9.479999999999999716e+01 2.100000000000000000e+19
5.699999999999999512e-01 3.058999999999999773e+02 3.440000000000000000e+19
5.450000000000000400e-01 6.262000000000000455e+02 5.680000000000000000e+19
5.210000000000000187e-01 1.003000000000000000e+03 7.280000000000000000e+19
4.969999999999999973e-01 1.242299999999999955e+03 8.200000000000000000e+19
4.739999999999999769e-01 1.277700000000000045e+03 8.530000000000000000e+19
4.530000000000000138e-01 1.342400000000000091e+03 8.530000000000000000e+19
4.309999999999999942e-01 1.366500000000000000e+03 9.010000000000000000e+19
4.099999999999999756e-01 1.405400000000000091e+03 8.890000000000000000e+19
