5.919999999999999707e-01 8.959999999999999432e+01 7.100000000000000000e+18
5.819999999999999618e-01 1.092000000000000028e+02 9.570000000000000000e+18
5.629999999999999449e-01 2.141999999999999886e+02 1.230000000000000000e+19
5.380000000000000338e-01 3.058999999999999773e+02 1.520000000000000000e+19
5.140000000000000124e-01 5.880000000000000000e+02 2.030000000000000000e+19
4.899999999999999911e-01 7.757999999999999545e+02 2.160000000000000000e+19
4.680000000000000271e-01 8.071000000000000227e+02 2.330000000000000000e+19
4.460000000000000075e-01 8.565000000000000000e+02 2.360000000000000000e+19
4.249999999999999889e-01 8.565000000000000000e+02 2.420000000000000000e+19
4.040000000000000258e-01 8.737000000000000455e+02 2.440000000000000000e+19
