6.005000000000000338e-01 2.269999999999999929e+01 1.610000000000000000e+19
5.899999999999999689e-01 8.609999999999999432e+01 2.410000000000000000e+19
5.699999999999999512e-01 2.973999999999999773e+02 3.960000000000000000e+19
5.450000000000000400e-01 6.262000000000000455e+02 6.390000000000000000e+19
5.210000000000000187e-01 9.332999999999999545e+02 8.240000000000000000e+19
4.969999999999999973e-01 1.161500000000000000e+03 9.030000000000000000e+19
4.739999999999999769e-01 1.220400000000000091e+03 9.320000000000000000e+19
4.530000000000000138e-01 1.213599999999999909e+03 9.190000000000000000e+19
4.309999999999999942e-01 1.313099999999999909e+03 9.720000000000000000e+19
4.099999999999999756e-01 1.277700000000000045e+03 9.730000000000000000e+19
