5.919999999999999707e-01 7.209999999999999432e+01 4.250000000000000000e+18
5.819999999999999618e-01 1.560000000000000000e+02 6.870000000000000000e+18
5.629999999999999449e-01 1.791999999999999886e+02 9.170000000000000000e+18
5.380000000000000338e-01 3.878999999999999773e+02 1.230000000000000000e+19
5.140000000000000124e-01 5.651000000000000227e+02 1.620000000000000000e+19
4.899999999999999911e-01 8.232999999999999545e+02 1.790000000000000000e+19
4.680000000000000271e-01 9.090000000000000000e+02 1.960000000000000000e+19
4.460000000000000075e-01 1.044099999999999909e+03 2.100000000000000000e+19
4.249999999999999889e-01 9.646000000000000227e+02 2.040000000000000000e+19
4.040000000000000258e-01 1.044099999999999909e+03 2.140000000000000000e+19
