5.917000000000000037e-01 9.320000000000000284e+01 1.550000000000000000e+19
5.812000000000000499e-01 2.018000000000000114e+02 2.390000000000000000e+19
5.608999999999999542e-01 4.823000000000000114e+02 3.690000000000000000e+19
5.362000000000000099e-01 8.565000000000000000e+02 5.200000000000000000e+19
5.120000000000000107e-01 1.199400000000000091e+03 6.470000000000000000e+19
4.884999999999999898e-01 1.462000000000000000e+03 6.920000000000000000e+19
4.661000000000000143e-01 1.614200000000000045e+03 7.770000000000000000e+19
4.448000000000000287e-01 1.614200000000000045e+03 7.900000000000000000e+19
4.236000000000000321e-01 1.713000000000000000e+03 8.310000000000000000e+19
4.026000000000000134e-01 1.679400000000000091e+03 8.260000000000000000e+19
