5.917000000000000037e-01 9.700000000000000000e+01 1.300000000000000000e+19
5.812000000000000499e-01 1.721999999999999886e+02 1.790000000000000000e+19
5.608999999999999542e-01 3.445000000000000000e+02 2.740000000000000000e+19
5.362000000000000099e-01 6.363999999999999773e+02 4.210000000000000000e+19
5.120000000000000107e-01 1.023600000000000023e+03 5.570000000000000000e+19
4.884999999999999898e-01 1.223299999999999955e+03 6.550000000000000000e+19
4.661000000000000143e-01 1.223299999999999955e+03 6.940000000000000000e+19
4.448000000000000287e-01 1.223299999999999955e+03 7.080000000000000000e+19
4.236000000000000321e-01 1.324200000000000045e+03 7.430000000000000000e+19
4.026000000000000134e-01 1.298200000000000045e+03 7.110000000000000000e+19
