5.917000000000000037e-01 1.029000000000000057e+02 1.880000000000000000e+19
5.812000000000000499e-01 1.529000000000000057e+02 2.750000000000000000e+19
5.608999999999999542e-01 3.878999999999999773e+02 4.130000000000000000e+19
5.362000000000000099e-01 7.457000000000000455e+02 6.040000000000000000e+19
5.120000000000000107e-01 1.065000000000000000e+03 7.550000000000000000e+19
4.884999999999999898e-01 1.199400000000000091e+03 8.250000000000000000e+19
4.661000000000000143e-01 1.223299999999999955e+03 8.840000000000000000e+19
4.448000000000000287e-01 1.247799999999999955e+03 8.900000000000000000e+19
4.236000000000000321e-01 1.298200000000000045e+03 9.170000000000000000e+19
4.026000000000000134e-01 1.272799999999999955e+03 9.020000000000000000e+19
