5.919999999999999707e-01 3.260000000000000142e+01 1.090000000000000000e+19
5.819999999999999618e-01 8.609999999999999432e+01 1.830000000000000000e+19
5.629999999999999449e-01 2.184000000000000057e+02 3.190000000000000000e+19
5.380000000000000338e-01 5.763999999999999773e+02 5.720000000000000000e+19
5.140000000000000124e-01 9.646000000000000227e+02 7.890000000000000000e+19
4.899999999999999911e-01 1.108000000000000000e+03 8.240000000000000000e+19
4.680000000000000271e-01 1.199400000000000091e+03 9.410000000000000000e+19
4.460000000000000075e-01 1.272799999999999955e+03 9.730000000000000000e+19
4.249999999999999889e-01 1.377700000000000045e+03 1.010000000000000000e+20
4.040000000000000258e-01 1.377700000000000045e+03 1.040000000000000000e+20
