5.919999999999999707e-01 1.135999999999999943e+02 1.840000000000000000e+19
5.819999999999999618e-01 1.940000000000000000e+02 2.400000000000000000e+19
5.629999999999999449e-01 4.283000000000000114e+02 3.680000000000000000e+19
5.380000000000000338e-01 6.753999999999999773e+02 5.060000000000000000e+19
5.140000000000000124e-01 1.044099999999999909e+03 6.450000000000000000e+19
4.899999999999999911e-01 1.199400000000000091e+03 6.800000000000000000e+19
4.680000000000000271e-01 1.175799999999999955e+03 7.370000000000000000e+19
4.460000000000000075e-01 1.199400000000000091e+03 7.430000000000000000e+19
4.249999999999999889e-01 1.247799999999999955e+03 7.630000000000000000e+19
4.040000000000000258e-01 1.247799999999999955e+03 7.830000000000000000e+19
