5.919999999999999707e-01 3.820000000000000284e+01 1.200000000000000000e+19
5.819999999999999618e-01 1.529000000000000057e+02 2.660000000000000000e+19
5.629999999999999449e-01 3.728999999999999773e+02 4.340000000000000000e+19
5.380000000000000338e-01 7.027000000000000455e+02 6.500000000000000000e+19
5.140000000000000124e-01 1.023600000000000023e+03 8.230000000000000000e+19
4.899999999999999911e-01 1.152799999999999955e+03 9.430000000000000000e+19
4.680000000000000271e-01 1.223299999999999955e+03 1.040000000000000000e+20
4.460000000000000075e-01 1.223299999999999955e+03 1.030000000000000000e+20
4.249999999999999889e-01 1.272799999999999955e+03 1.050000000000000000e+20
4.040000000000000258e-01 1.223299999999999955e+03 1.010000000000000000e+20
