5.917000000000000037e-01 9.700000000000000000e+01 1.230000000000000000e+19
5.812000000000000499e-01 1.791999999999999886e+02 1.730000000000000000e+19
5.608999999999999542e-01 3.181999999999999886e+02 2.710000000000000000e+19
5.362000000000000099e-01 6.621000000000000227e+02 4.180000000000000000e+19
5.120000000000000107e-01 9.838999999999999773e+02 5.830000000000000000e+19
4.884999999999999898e-01 1.247799999999999955e+03 6.740000000000000000e+19
4.661000000000000143e-01 1.350700000000000045e+03 7.580000000000000000e+19
4.448000000000000287e-01 1.377700000000000045e+03 7.930000000000000000e+19
4.236000000000000321e-01 1.551500000000000000e+03 8.430000000000000000e+19
4.026000000000000134e-01 1.377700000000000045e+03 7.990000000000000000e+19
