5.919999999999999707e-01 4.479999999999999716e+01 7.870000000000000000e+18
5.819999999999999618e-01 1.135999999999999943e+02 1.320000000000000000e+19
5.629999999999999449e-01 3.376999999999999886e+02 2.760000000000000000e+19
5.380000000000000338e-01 7.606000000000000227e+02 4.710000000000000000e+19
5.140000000000000124e-01 1.130200000000000045e+03 6.790000000000000000e+19
4.899999999999999911e-01 1.405200000000000045e+03 7.490000000000000000e+19
4.680000000000000271e-01 1.521099999999999909e+03 8.630000000000000000e+19
4.460000000000000075e-01 1.551500000000000000e+03 9.000000000000000000e+19
4.249999999999999889e-01 1.582500000000000000e+03 9.190000000000000000e+19
4.040000000000000258e-01 1.551500000000000000e+03 8.980000000000000000e+19
