5.919999999999999707e-01 3.679999999999999716e+01 1.180000000000000000e+19
5.819999999999999618e-01 1.009000000000000057e+02 2.270000000000000000e+19
5.629999999999999449e-01 2.611000000000000227e+02 3.620000000000000000e+19
5.380000000000000338e-01 5.221000000000000227e+02 5.470000000000000000e+19
5.140000000000000124e-01 8.071000000000000227e+02 7.200000000000000000e+19
4.899999999999999911e-01 1.023600000000000023e+03 7.880000000000000000e+19
4.680000000000000271e-01 1.065000000000000000e+03 8.640000000000000000e+19
4.460000000000000075e-01 1.023600000000000023e+03 8.710000000000000000e+19
4.249999999999999889e-01 1.108000000000000000e+03 8.670000000000000000e+19
4.040000000000000258e-01 1.108000000000000000e+03 8.930000000000000000e+19
