6.005000000000000338e-01 1.550000000000000000e+01 9.050000000000000000e+18
5.899999999999999689e-01 8.609999999999999432e+01 3.250000000000000000e+19
5.699999999999999512e-01 2.414000000000000057e+02 5.060000000000000000e+19
5.450000000000000400e-01 4.788999999999999773e+02 7.010000000000000000e+19
5.210000000000000187e-01 7.412000000000000455e+02 7.880000000000000000e+19
4.969999999999999973e-01 1.026700000000000045e+03 8.180000000000000000e+19
4.739999999999999769e-01 1.008600000000000023e+03 8.320000000000000000e+19
4.530000000000000138e-01 1.026700000000000045e+03 8.240000000000000000e+19
4.309999999999999942e-01 1.085200000000000045e+03 8.620000000000000000e+19
4.099999999999999756e-01 1.109400000000000091e+03 8.410000000000000000e+19
