5.917000000000000037e-01 1.029000000000000057e+02 1.330000000000000000e+19
5.812000000000000499e-01 2.228000000000000114e+02 1.890000000000000000e+19
5.608999999999999542e-01 4.823000000000000114e+02 3.170000000000000000e+19
5.362000000000000099e-01 8.565000000000000000e+02 5.030000000000000000e+19
5.120000000000000107e-01 1.350700000000000045e+03 6.430000000000000000e+19
4.884999999999999898e-01 1.433299999999999955e+03 6.740000000000000000e+19
4.661000000000000143e-01 1.551500000000000000e+03 7.350000000000000000e+19
4.448000000000000287e-01 1.491200000000000045e+03 7.410000000000000000e+19
4.236000000000000321e-01 1.646500000000000000e+03 7.880000000000000000e+19
4.026000000000000134e-01 1.521099999999999909e+03 7.380000000000000000e+19
