6.005000000000000338e-01 2.060000000000000142e+01 7.350000000000000000e+18
5.899999999999999689e-01 8.609999999999999432e+01 2.510000000000000000e+19
5.699999999999999512e-01 2.781000000000000227e+02 3.790000000000000000e+19
5.450000000000000400e-01 5.960000000000000000e+02 5.940000000000000000e+19
5.210000000000000187e-01 9.168999999999999773e+02 7.270000000000000000e+19
4.969999999999999973e-01 1.129299999999999955e+03 8.060000000000000000e+19
4.739999999999999769e-01 1.109400000000000091e+03 8.390000000000000000e+19
4.530000000000000138e-01 1.103299999999999955e+03 8.130000000000000000e+19
4.309999999999999942e-01 1.161500000000000000e+03 8.400000000000000000e+19
4.099999999999999756e-01 1.109400000000000091e+03 8.250000000000000000e+19
