5.919999999999999707e-01 1.029000000000000057e+02 1.510000000000000000e+19
5.819999999999999618e-01 1.901999999999999886e+02 2.050000000000000000e+19
5.629999999999999449e-01 3.803000000000000114e+02 3.170000000000000000e+19
5.380000000000000338e-01 7.457000000000000455e+02 4.500000000000000000e+19
5.140000000000000124e-01 1.086299999999999955e+03 5.530000000000000000e+19
4.899999999999999911e-01 1.247799999999999955e+03 5.820000000000000000e+19
4.680000000000000271e-01 1.324200000000000045e+03 6.320000000000000000e+19
4.460000000000000075e-01 1.324200000000000045e+03 6.530000000000000000e+19
4.249999999999999889e-01 1.405200000000000045e+03 6.660000000000000000e+19
4.040000000000000258e-01 1.377700000000000045e+03 6.720000000000000000e+19
