6.005000000000000338e-01 nan nan
5.899999999999999689e-01 8.599999999999999645e+00 8.090000000000000000e+18
5.699999999999999512e-01 1.002000000000000028e+02 4.400000000000000000e+19
5.450000000000000400e-01 3.058999999999999773e+02 7.500000000000000000e+19
5.210000000000000187e-01 5.568999999999999773e+02 1.230000000000000000e+20
4.969999999999999973e-01 8.485000000000000000e+02 1.410000000000000000e+20
4.739999999999999769e-01 9.332999999999999545e+02 1.520000000000000000e+20
4.530000000000000138e-01 1.026700000000000045e+03 1.490000000000000000e+20
4.309999999999999942e-01 1.161500000000000000e+03 1.590000000000000000e+20
4.099999999999999756e-01 1.129299999999999955e+03 1.620000000000000000e+20
