6.005000000000000338e-01 5.139999999999999858e+01 1.320000000000000000e+19
5.899999999999999689e-01 1.179000000000000057e+02 2.150000000000000000e+19
5.699999999999999512e-01 2.656000000000000227e+02 3.240000000000000000e+19
5.450000000000000400e-01 4.926000000000000227e+02 5.440000000000000000e+19
5.210000000000000187e-01 6.375000000000000000e+02 7.010000000000000000e+19
4.969999999999999973e-01 7.536000000000000227e+02 8.380000000000000000e+19
4.739999999999999769e-01 7.412000000000000455e+02 8.960000000000000000e+19
4.530000000000000138e-01 7.712999999999999545e+02 8.930000000000000000e+19
4.309999999999999942e-01 8.152999999999999545e+02 9.400000000000000000e+19
4.099999999999999756e-01 7.932999999999999545e+02 9.320000000000000000e+19
