5.919999999999999707e-01 2.069999999999999929e+01 5.940000000000000000e+18
5.819999999999999618e-01 2.058000000000000114e+02 1.360000000000000000e+19
5.629999999999999449e-01 5.763999999999999773e+02 2.820000000000000000e+19
5.380000000000000338e-01 9.271000000000000227e+02 3.930000000000000000e+19
5.140000000000000124e-01 1.086299999999999955e+03 5.090000000000000000e+19
4.899999999999999911e-01 1.152799999999999955e+03 5.590000000000000000e+19
4.680000000000000271e-01 1.152799999999999955e+03 6.230000000000000000e+19
4.460000000000000075e-01 1.130200000000000045e+03 6.220000000000000000e+19
4.249999999999999889e-01 1.152799999999999955e+03 6.260000000000000000e+19
4.040000000000000258e-01 1.130200000000000045e+03 6.310000000000000000e+19
