5.917000000000000037e-01 1.114000000000000057e+02 9.390000000000000000e+18
5.812000000000000499e-01 1.623000000000000114e+02 1.190000000000000000e+19
5.608999999999999542e-01 2.998999999999999773e+02 1.880000000000000000e+19
5.362000000000000099e-01 5.540000000000000000e+02 2.870000000000000000e+19
5.120000000000000107e-01 8.232999999999999545e+02 3.670000000000000000e+19
4.884999999999999898e-01 1.065000000000000000e+03 4.270000000000000000e+19
4.661000000000000143e-01 1.086299999999999955e+03 4.620000000000000000e+19
4.448000000000000287e-01 1.175799999999999955e+03 4.860000000000000000e+19
4.236000000000000321e-01 1.152799999999999955e+03 5.180000000000000000e+19
4.026000000000000134e-01 1.130200000000000045e+03 5.030000000000000000e+19
