5.919999999999999707e-01 1.730000000000000071e+01 1.270000000000000000e+18
5.819999999999999618e-01 5.460000000000000142e+01 9.830000000000000000e+18
5.629999999999999449e-01 2.770000000000000000e+02 2.450000000000000000e+19
5.380000000000000338e-01 5.880000000000000000e+02 3.950000000000000000e+19
5.140000000000000124e-01 9.090000000000000000e+02 5.310000000000000000e+19
4.899999999999999911e-01 1.272799999999999955e+03 5.480000000000000000e+19
4.680000000000000271e-01 1.350700000000000045e+03 5.860000000000000000e+19
4.460000000000000075e-01 1.350700000000000045e+03 5.910000000000000000e+19
4.249999999999999889e-01 1.377700000000000045e+03 6.240000000000000000e+19
4.040000000000000258e-01 1.377700000000000045e+03 6.380000000000000000e+19
