5.917000000000000037e-01 7.070000000000000284e+01 7.840000000000000000e+18
5.812000000000000499e-01 1.791999999999999886e+02 1.150000000000000000e+19
5.608999999999999542e-01 2.998999999999999773e+02 1.760000000000000000e+19
5.362000000000000099e-01 5.221000000000000227e+02 2.590000000000000000e+19
5.120000000000000107e-01 7.912999999999999545e+02 3.410000000000000000e+19
4.884999999999999898e-01 1.044099999999999909e+03 3.840000000000000000e+19
4.661000000000000143e-01 1.086299999999999955e+03 4.190000000000000000e+19
4.448000000000000287e-01 1.086299999999999955e+03 4.300000000000000000e+19
4.236000000000000321e-01 1.108000000000000000e+03 4.630000000000000000e+19
4.026000000000000134e-01 1.108000000000000000e+03 4.570000000000000000e+19
