5.917000000000000037e-01 1.280000000000000000e+02 1.330000000000000000e+19
5.812000000000000499e-01 1.978000000000000114e+02 1.900000000000000000e+19
5.608999999999999542e-01 4.728999999999999773e+02 3.080000000000000000e+19
5.362000000000000099e-01 8.565000000000000000e+02 4.660000000000000000e+19
5.120000000000000107e-01 1.272799999999999955e+03 5.610000000000000000e+19
4.884999999999999898e-01 1.433299999999999955e+03 6.050000000000000000e+19
4.661000000000000143e-01 1.582500000000000000e+03 6.680000000000000000e+19
4.448000000000000287e-01 1.521099999999999909e+03 6.580000000000000000e+19
4.236000000000000321e-01 1.551500000000000000e+03 6.950000000000000000e+19
4.026000000000000134e-01 1.551500000000000000e+03 6.850000000000000000e+19
