6.005000000000000338e-01 1.450000000000000000e+01 2.700000000000000000e+18
5.899999999999999689e-01 2.500000000000000000e+01 1.610000000000000000e+19
5.699999999999999512e-01 2.089000000000000057e+02 4.750000000000000000e+19
5.450000000000000400e-01 4.926000000000000227e+02 8.320000000000000000e+19
5.210000000000000187e-01 8.152999999999999545e+02 1.070000000000000000e+20
4.969999999999999973e-01 1.085200000000000045e+03 1.190000000000000000e+20
4.739999999999999769e-01 1.161500000000000000e+03 1.200000000000000000e+20
4.530000000000000138e-01 1.193700000000000045e+03 1.170000000000000000e+20
4.309999999999999942e-01 1.213599999999999909e+03 1.240000000000000000e+20
4.099999999999999756e-01 1.220400000000000091e+03 1.220000000000000000e+20
