6.005000000000000338e-01 1.250000000000000000e+01 6.870000000000000000e+18
5.899999999999999689e-01 7.120000000000000284e+01 3.950000000000000000e+19
5.699999999999999512e-01 2.195000000000000000e+02 6.250000000000000000e+19
5.450000000000000400e-01 4.253999999999999773e+02 9.600000000000000000e+19
5.210000000000000187e-01 6.557000000000000455e+02 1.220000000000000000e+20
4.969999999999999973e-01 8.335000000000000000e+02 1.290000000000000000e+20
4.739999999999999769e-01 8.152999999999999545e+02 1.300000000000000000e+20
4.530000000000000138e-01 7.712999999999999545e+02 1.270000000000000000e+20
4.309999999999999942e-01 7.712999999999999545e+02 1.330000000000000000e+20
4.099999999999999756e-01 7.577000000000000455e+02 1.310000000000000000e+20
