5.917000000000000037e-01 9.890000000000000568e+01 1.350000000000000000e+19
5.812000000000000499e-01 1.689000000000000057e+02 1.870000000000000000e+19
5.608999999999999542e-01 3.728999999999999773e+02 2.830000000000000000e+19
5.362000000000000099e-01 6.888999999999999773e+02 4.150000000000000000e+19
5.120000000000000107e-01 1.003600000000000023e+03 5.380000000000000000e+19
4.884999999999999898e-01 1.175799999999999955e+03 6.050000000000000000e+19
4.661000000000000143e-01 1.152799999999999955e+03 6.720000000000000000e+19
4.448000000000000287e-01 1.199400000000000091e+03 6.780000000000000000e+19
4.236000000000000321e-01 1.247799999999999955e+03 6.830000000000000000e+19
4.026000000000000134e-01 1.175799999999999955e+03 6.750000000000000000e+19
