6.005000000000000338e-01 1.409999999999999964e+01 1.030000000000000000e+19
5.899999999999999689e-01 7.120000000000000284e+01 3.720000000000000000e+19
5.699999999999999512e-01 2.361999999999999886e+02 5.500000000000000000e+19
5.450000000000000400e-01 4.678999999999999773e+02 8.520000000000000000e+19
5.210000000000000187e-01 7.212000000000000455e+02 1.010000000000000000e+20
4.969999999999999973e-01 9.866000000000000227e+02 1.050000000000000000e+20
4.739999999999999769e-01 1.085200000000000045e+03 1.070000000000000000e+20
4.530000000000000138e-01 1.026700000000000045e+03 1.060000000000000000e+20
4.309999999999999942e-01 1.103299999999999955e+03 1.130000000000000000e+20
4.099999999999999756e-01 1.129299999999999955e+03 1.150000000000000000e+20
