5.919999999999999707e-01 5.679999999999999716e+01 6.620000000000000000e+18
5.819999999999999618e-01 1.529000000000000057e+02 1.420000000000000000e+19
5.629999999999999449e-01 3.728999999999999773e+02 2.430000000000000000e+19
5.380000000000000338e-01 7.310000000000000000e+02 3.850000000000000000e+19
5.140000000000000124e-01 1.086299999999999955e+03 5.240000000000000000e+19
4.899999999999999911e-01 1.350700000000000045e+03 5.670000000000000000e+19
4.680000000000000271e-01 1.350700000000000045e+03 6.130000000000000000e+19
4.460000000000000075e-01 1.298200000000000045e+03 6.040000000000000000e+19
4.249999999999999889e-01 1.350700000000000045e+03 6.080000000000000000e+19
4.040000000000000258e-01 1.350700000000000045e+03 6.080000000000000000e+19
