6.005000000000000338e-01 1.750000000000000000e+01 9.400000000000000000e+18
5.899999999999999689e-01 6.220000000000000284e+01 1.920000000000000000e+19
5.699999999999999512e-01 1.679000000000000057e+02 3.130000000000000000e+19
5.450000000000000400e-01 3.866999999999999886e+02 5.390000000000000000e+19
5.210000000000000187e-01 6.126000000000000227e+02 7.180000000000000000e+19
4.969999999999999973e-01 8.152999999999999545e+02 8.500000000000000000e+19
4.739999999999999769e-01 8.152999999999999545e+02 9.200000000000000000e+19
4.530000000000000138e-01 8.288999999999999773e+02 9.120000000000000000e+19
4.309999999999999942e-01 8.335000000000000000e+02 9.670000000000000000e+19
4.099999999999999756e-01 8.485000000000000000e+02 9.560000000000000000e+19
