6.005000000000000338e-01 nan nan
5.899999999999999689e-01 nan nan
5.699999999999999512e-01 6.050000000000000000e+01 2.640000000000000000e+19
5.450000000000000400e-01 2.458000000000000114e+02 8.020000000000000000e+19
5.210000000000000187e-01 5.267999999999999545e+02 1.400000000000000000e+20
4.969999999999999973e-01 7.712999999999999545e+02 1.640000000000000000e+20
4.739999999999999769e-01 8.968999999999999773e+02 1.820000000000000000e+20
4.530000000000000138e-01 8.727000000000000455e+02 1.790000000000000000e+20
4.309999999999999942e-01 9.332999999999999545e+02 1.860000000000000000e+20
4.099999999999999756e-01 9.866000000000000227e+02 1.880000000000000000e+20
