5.919999999999999707e-01 5.910000000000000142e+01 1.270000000000000000e+19
5.819999999999999618e-01 1.901999999999999886e+02 1.970000000000000000e+19
5.629999999999999449e-01 4.545000000000000000e+02 3.520000000000000000e+19
5.380000000000000338e-01 8.071000000000000227e+02 5.190000000000000000e+19
5.140000000000000124e-01 1.023600000000000023e+03 6.550000000000000000e+19
4.899999999999999911e-01 1.108000000000000000e+03 7.290000000000000000e+19
4.680000000000000271e-01 1.108000000000000000e+03 7.710000000000000000e+19
4.460000000000000075e-01 1.086299999999999955e+03 8.140000000000000000e+19
4.249999999999999889e-01 1.223299999999999955e+03 8.280000000000000000e+19
4.040000000000000258e-01 1.175799999999999955e+03 8.290000000000000000e+19
