5.917000000000000037e-01 8.279999999999999716e+01 5.550000000000000000e+18
5.812000000000000499e-01 1.330999999999999943e+02 9.410000000000000000e+18
5.608999999999999542e-01 2.611000000000000227e+02 1.230000000000000000e+19
5.362000000000000099e-01 4.636000000000000227e+02 1.610000000000000000e+19
5.120000000000000107e-01 7.606000000000000227e+02 2.020000000000000000e+19
4.884999999999999898e-01 8.911000000000000227e+02 2.210000000000000000e+19
4.661000000000000143e-01 9.090000000000000000e+02 2.380000000000000000e+19
4.448000000000000287e-01 8.911000000000000227e+02 2.410000000000000000e+19
4.236000000000000321e-01 9.090000000000000000e+02 2.450000000000000000e+19
4.026000000000000134e-01 9.090000000000000000e+02 2.520000000000000000e+19
