5.919999999999999707e-01 8.120000000000000284e+01 1.720000000000000000e+19
5.819999999999999618e-01 1.330999999999999943e+02 2.750000000000000000e+19
5.629999999999999449e-01 3.246000000000000227e+02 4.410000000000000000e+19
5.380000000000000338e-01 6.621000000000000227e+02 6.840000000000000000e+19
5.140000000000000124e-01 9.838999999999999773e+02 8.940000000000000000e+19
4.899999999999999911e-01 1.175799999999999955e+03 9.910000000000000000e+19
4.680000000000000271e-01 1.223299999999999955e+03 1.060000000000000000e+20
4.460000000000000075e-01 1.324200000000000045e+03 1.080000000000000000e+20
4.249999999999999889e-01 1.377700000000000045e+03 1.140000000000000000e+20
4.040000000000000258e-01 1.324200000000000045e+03 1.120000000000000000e+20
