5.917000000000000037e-01 1.689000000000000057e+02 3.960000000000000000e+18
5.812000000000000499e-01 1.440999999999999943e+02 5.700000000000000000e+18
5.608999999999999542e-01 3.120000000000000000e+02 8.830000000000000000e+18
5.362000000000000099e-01 4.823000000000000114e+02 1.250000000000000000e+19
5.120000000000000107e-01 7.606000000000000227e+02 1.530000000000000000e+19
4.884999999999999898e-01 7.457000000000000455e+02 1.570000000000000000e+19
4.661000000000000143e-01 8.565000000000000000e+02 1.770000000000000000e+19
4.448000000000000287e-01 8.911000000000000227e+02 1.730000000000000000e+19
4.236000000000000321e-01 9.271000000000000227e+02 1.840000000000000000e+19
4.026000000000000134e-01 9.646000000000000227e+02 1.840000000000000000e+19
