5.917000000000000037e-01 1.009000000000000057e+02 5.570000000000000000e+18
5.812000000000000499e-01 1.470000000000000000e+02 6.390000000000000000e+18
5.608999999999999542e-01 3.728999999999999773e+02 9.820000000000000000e+18
5.362000000000000099e-01 5.118000000000000114e+02 1.510000000000000000e+19
5.120000000000000107e-01 6.753999999999999773e+02 1.760000000000000000e+19
4.884999999999999898e-01 8.232999999999999545e+02 2.050000000000000000e+19
4.661000000000000143e-01 9.090000000000000000e+02 2.180000000000000000e+19
4.448000000000000287e-01 8.911000000000000227e+02 2.140000000000000000e+19
4.236000000000000321e-01 8.232999999999999545e+02 2.170000000000000000e+19
4.026000000000000134e-01 8.737000000000000455e+02 2.150000000000000000e+19
