6.005000000000000338e-01 2.819999999999999929e+01 1.490000000000000000e+19
5.899999999999999689e-01 1.072000000000000028e+02 1.920000000000000000e+19
5.699999999999999512e-01 2.781000000000000227e+02 3.950000000000000000e+19
5.450000000000000400e-01 5.960000000000000000e+02 6.740000000000000000e+19
5.210000000000000187e-01 9.598999999999999773e+02 8.550000000000000000e+19
4.969999999999999973e-01 1.161500000000000000e+03 9.300000000000000000e+19
4.739999999999999769e-01 1.129299999999999955e+03 9.550000000000000000e+19
4.530000000000000138e-01 1.161500000000000000e+03 9.270000000000000000e+19
4.309999999999999942e-01 1.161500000000000000e+03 9.350000000000000000e+19
4.099999999999999756e-01 1.161500000000000000e+03 9.260000000000000000e+19
