5.917000000000000037e-01 1.070999999999999943e+02 1.510000000000000000e+19
5.812000000000000499e-01 2.100000000000000000e+02 2.390000000000000000e+19
5.608999999999999542e-01 5.325000000000000000e+02 3.570000000000000000e+19
5.362000000000000099e-01 8.737000000000000455e+02 4.870000000000000000e+19
5.120000000000000107e-01 1.199400000000000091e+03 5.920000000000000000e+19
4.884999999999999898e-01 1.491200000000000045e+03 6.520000000000000000e+19
4.661000000000000143e-01 1.551500000000000000e+03 6.930000000000000000e+19
4.448000000000000287e-01 1.551500000000000000e+03 6.890000000000000000e+19
4.236000000000000321e-01 1.614200000000000045e+03 7.200000000000000000e+19
4.026000000000000134e-01 1.582500000000000000e+03 7.130000000000000000e+19
