5.917000000000000037e-01 3.080000000000000071e+01 1.350000000000000000e+19
5.812000000000000499e-01 6.029999999999999716e+01 2.080000000000000000e+19
5.608999999999999542e-01 1.828000000000000114e+02 3.200000000000000000e+19
5.362000000000000099e-01 2.663000000000000114e+02 3.610000000000000000e+19
5.120000000000000107e-01 4.728999999999999773e+02 4.530000000000000000e+19
4.884999999999999898e-01 5.997000000000000455e+02 5.020000000000000000e+19
4.661000000000000143e-01 6.117000000000000455e+02 5.330000000000000000e+19
4.448000000000000287e-01 6.117000000000000455e+02 5.190000000000000000e+19
4.236000000000000321e-01 6.621000000000000227e+02 5.220000000000000000e+19
4.026000000000000134e-01 6.363999999999999773e+02 5.190000000000000000e+19
