5.919999999999999707e-01 8.120000000000000284e+01 1.990000000000000000e+19
5.819999999999999618e-01 1.255000000000000000e+02 2.670000000000000000e+19
5.629999999999999449e-01 2.228000000000000114e+02 3.880000000000000000e+19
5.380000000000000338e-01 5.432000000000000455e+02 6.270000000000000000e+19
5.140000000000000124e-01 7.912999999999999545e+02 7.260000000000000000e+19
4.899999999999999911e-01 8.565000000000000000e+02 6.870000000000000000e+19
4.680000000000000271e-01 8.397000000000000455e+02 7.410000000000000000e+19
4.460000000000000075e-01 8.071000000000000227e+02 7.540000000000000000e+19
4.249999999999999889e-01 8.737000000000000455e+02 7.580000000000000000e+19
4.040000000000000258e-01 8.397000000000000455e+02 7.690000000000000000e+19
