5.917000000000000037e-01 1.070999999999999943e+02 9.530000000000000000e+18
5.812000000000000499e-01 1.721999999999999886e+02 1.310000000000000000e+19
5.608999999999999542e-01 3.058999999999999773e+02 1.820000000000000000e+19
5.362000000000000099e-01 5.118000000000000114e+02 2.560000000000000000e+19
5.120000000000000107e-01 8.071000000000000227e+02 3.390000000000000000e+19
4.884999999999999898e-01 9.646000000000000227e+02 4.050000000000000000e+19
4.661000000000000143e-01 1.152799999999999955e+03 4.470000000000000000e+19
4.448000000000000287e-01 1.152799999999999955e+03 4.690000000000000000e+19
4.236000000000000321e-01 1.175799999999999955e+03 4.890000000000000000e+19
4.026000000000000134e-01 1.130200000000000045e+03 4.760000000000000000e+19
