5.919999999999999707e-01 1.029000000000000057e+02 1.710000000000000000e+19
5.819999999999999618e-01 1.978000000000000114e+02 2.320000000000000000e+19
5.629999999999999449e-01 4.283000000000000114e+02 3.570000000000000000e+19
5.380000000000000338e-01 7.167000000000000455e+02 5.020000000000000000e+19
5.140000000000000124e-01 1.044099999999999909e+03 6.520000000000000000e+19
4.899999999999999911e-01 1.086299999999999955e+03 7.020000000000000000e+19
4.680000000000000271e-01 1.044099999999999909e+03 7.490000000000000000e+19
4.460000000000000075e-01 1.108000000000000000e+03 7.660000000000000000e+19
4.249999999999999889e-01 1.108000000000000000e+03 7.530000000000000000e+19
4.040000000000000258e-01 1.130200000000000045e+03 7.830000000000000000e+19
