5.919999999999999707e-01 4.389999999999999858e+01 9.590000000000000000e+18
5.819999999999999618e-01 1.499000000000000057e+02 2.270000000000000000e+19
5.629999999999999449e-01 3.655000000000000000e+02 4.050000000000000000e+19
5.380000000000000338e-01 7.606000000000000227e+02 6.360000000000000000e+19
5.140000000000000124e-01 1.086299999999999955e+03 8.220000000000000000e+19
4.899999999999999911e-01 1.324200000000000045e+03 9.300000000000000000e+19
4.680000000000000271e-01 1.433299999999999955e+03 1.070000000000000000e+20
4.460000000000000075e-01 1.433299999999999955e+03 1.130000000000000000e+20
4.249999999999999889e-01 1.551500000000000000e+03 1.190000000000000000e+20
4.040000000000000258e-01 1.521099999999999909e+03 1.170000000000000000e+20
