5.917000000000000037e-01 9.509999999999999432e+01 8.780000000000000000e+18
5.812000000000000499e-01 1.205999999999999943e+02 1.190000000000000000e+19
5.608999999999999542e-01 2.881999999999999886e+02 1.940000000000000000e+19
5.362000000000000099e-01 5.221000000000000227e+02 2.820000000000000000e+19
5.120000000000000107e-01 8.071000000000000227e+02 3.720000000000000000e+19
4.884999999999999898e-01 1.023600000000000023e+03 4.170000000000000000e+19
4.661000000000000143e-01 1.065000000000000000e+03 4.550000000000000000e+19
4.448000000000000287e-01 1.065000000000000000e+03 4.540000000000000000e+19
4.236000000000000321e-01 1.130200000000000045e+03 4.920000000000000000e+19
4.026000000000000134e-01 1.152799999999999955e+03 4.800000000000000000e+19
