5.919999999999999707e-01 6.400000000000000000e+01 1.690000000000000000e+19
5.819999999999999618e-01 1.029000000000000057e+02 2.380000000000000000e+19
5.629999999999999449e-01 2.100000000000000000e+02 3.480000000000000000e+19
5.380000000000000338e-01 3.878999999999999773e+02 4.850000000000000000e+19
5.140000000000000124e-01 6.117000000000000455e+02 6.990000000000000000e+19
4.899999999999999911e-01 7.167000000000000455e+02 7.800000000000000000e+19
4.680000000000000271e-01 6.888999999999999773e+02 8.450000000000000000e+19
4.460000000000000075e-01 6.888999999999999773e+02 8.410000000000000000e+19
4.249999999999999889e-01 7.027000000000000455e+02 8.380000000000000000e+19
4.040000000000000258e-01 7.167000000000000455e+02 8.640000000000000000e+19
