5.919999999999999707e-01 5.679999999999999716e+01 1.410000000000000000e+19
5.819999999999999618e-01 8.779999999999999716e+01 2.120000000000000000e+19
5.629999999999999449e-01 1.901999999999999886e+02 3.370000000000000000e+19
5.380000000000000338e-01 4.283000000000000114e+02 5.860000000000000000e+19
5.140000000000000124e-01 6.888999999999999773e+02 7.240000000000000000e+19
4.899999999999999911e-01 9.271000000000000227e+02 7.580000000000000000e+19
4.680000000000000271e-01 9.838999999999999773e+02 8.460000000000000000e+19
4.460000000000000075e-01 1.023600000000000023e+03 8.650000000000000000e+19
4.249999999999999889e-01 1.086299999999999955e+03 8.900000000000000000e+19
4.040000000000000258e-01 1.044099999999999909e+03 8.820000000000000000e+19
