5.919999999999999707e-01 4.139999999999999858e+01 1.130000000000000000e+19
5.819999999999999618e-01 1.330999999999999943e+02 2.290000000000000000e+19
5.629999999999999449e-01 3.445000000000000000e+02 3.820000000000000000e+19
5.380000000000000338e-01 6.753999999999999773e+02 6.190000000000000000e+19
5.140000000000000124e-01 1.023600000000000023e+03 8.040000000000000000e+19
4.899999999999999911e-01 1.272799999999999955e+03 8.870000000000000000e+19
4.680000000000000271e-01 1.377700000000000045e+03 9.650000000000000000e+19
4.460000000000000075e-01 1.405200000000000045e+03 1.010000000000000000e+20
4.249999999999999889e-01 1.433299999999999955e+03 1.060000000000000000e+20
4.040000000000000258e-01 1.377700000000000045e+03 1.010000000000000000e+20
