5.917000000000000037e-01 1.135999999999999943e+02 1.760000000000000000e+19
5.812000000000000499e-01 1.560000000000000000e+02 2.400000000000000000e+19
5.608999999999999542e-01 3.878999999999999773e+02 3.760000000000000000e+19
5.362000000000000099e-01 6.753999999999999773e+02 5.730000000000000000e+19
5.120000000000000107e-01 1.065000000000000000e+03 7.620000000000000000e+19
4.884999999999999898e-01 1.272799999999999955e+03 8.390000000000000000e+19
4.661000000000000143e-01 1.298200000000000045e+03 9.020000000000000000e+19
4.448000000000000287e-01 1.405200000000000045e+03 9.450000000000000000e+19
4.236000000000000321e-01 1.433299999999999955e+03 9.750000000000000000e+19
4.026000000000000134e-01 1.405200000000000045e+03 9.440000000000000000e+19
