5.917000000000000037e-01 9.700000000000000000e+01 1.440000000000000000e+19
5.812000000000000499e-01 2.141999999999999886e+02 1.900000000000000000e+19
5.608999999999999542e-01 4.920000000000000000e+02 2.990000000000000000e+19
5.362000000000000099e-01 9.271000000000000227e+02 4.380000000000000000e+19
5.120000000000000107e-01 1.298200000000000045e+03 5.350000000000000000e+19
4.884999999999999898e-01 1.405200000000000045e+03 5.760000000000000000e+19
4.661000000000000143e-01 1.298200000000000045e+03 6.040000000000000000e+19
4.448000000000000287e-01 1.324200000000000045e+03 6.240000000000000000e+19
4.236000000000000321e-01 1.405200000000000045e+03 6.550000000000000000e+19
4.026000000000000134e-01 1.350700000000000045e+03 6.440000000000000000e+19
