5.919999999999999707e-01 1.092000000000000028e+02 1.640000000000000000e+19
5.819999999999999618e-01 1.756999999999999886e+02 2.150000000000000000e+19
5.629999999999999449e-01 4.116999999999999886e+02 3.630000000000000000e+19
5.380000000000000338e-01 7.606000000000000227e+02 5.590000000000000000e+19
5.140000000000000124e-01 1.152799999999999955e+03 7.210000000000000000e+19
4.899999999999999911e-01 1.350700000000000045e+03 7.630000000000000000e+19
4.680000000000000271e-01 1.433299999999999955e+03 8.660000000000000000e+19
4.460000000000000075e-01 1.377700000000000045e+03 8.770000000000000000e+19
4.249999999999999889e-01 1.491200000000000045e+03 8.840000000000000000e+19
4.040000000000000258e-01 1.433299999999999955e+03 8.840000000000000000e+19
