6.005000000000000338e-01 2.330000000000000071e+01 1.170000000000000000e+19
5.899999999999999689e-01 8.050000000000000000e+01 1.980000000000000000e+19
5.699999999999999512e-01 1.899000000000000057e+02 3.130000000000000000e+19
5.450000000000000400e-01 4.253999999999999773e+02 5.380000000000000000e+19
5.210000000000000187e-01 6.375000000000000000e+02 7.360000000000000000e+19
4.969999999999999973e-01 7.577000000000000455e+02 8.440000000000000000e+19
4.739999999999999769e-01 7.712999999999999545e+02 9.200000000000000000e+19
4.530000000000000138e-01 7.712999999999999545e+02 9.190000000000000000e+19
4.309999999999999942e-01 8.288999999999999773e+02 9.690000000000000000e+19
4.099999999999999756e-01 8.152999999999999545e+02 9.540000000000000000e+19
