6.005000000000000338e-01 1.090000000000000036e+01 7.300000000000000000e+18
5.899999999999999689e-01 3.570000000000000284e+01 2.560000000000000000e+19
5.699999999999999512e-01 1.899000000000000057e+02 5.180000000000000000e+19
5.450000000000000400e-01 4.276999999999999886e+02 1.350000000000000000e+20
5.210000000000000187e-01 6.557000000000000455e+02 1.840000000000000000e+20
4.969999999999999973e-01 7.412000000000000455e+02 2.080000000000000000e+20
4.739999999999999769e-01 7.932999999999999545e+02 2.410000000000000000e+20
4.530000000000000138e-01 7.577000000000000455e+02 2.350000000000000000e+20
4.309999999999999942e-01 7.932999999999999545e+02 2.370000000000000000e+20
4.099999999999999756e-01 8.485000000000000000e+02 2.440000000000000000e+20
