6.005000000000000338e-01 nan nan
5.899999999999999689e-01 5.229999999999999716e+01 3.750000000000000000e+19
5.699999999999999512e-01 1.774000000000000057e+02 5.980000000000000000e+19
5.450000000000000400e-01 3.958000000000000114e+02 9.360000000000000000e+19
5.210000000000000187e-01 6.557000000000000455e+02 1.160000000000000000e+20
4.969999999999999973e-01 8.727000000000000455e+02 1.240000000000000000e+20
4.739999999999999769e-01 9.866000000000000227e+02 1.260000000000000000e+20
4.530000000000000138e-01 1.008600000000000023e+03 1.230000000000000000e+20
4.309999999999999942e-01 1.026700000000000045e+03 1.330000000000000000e+20
4.099999999999999756e-01 1.055900000000000091e+03 1.310000000000000000e+20
