5.919999999999999707e-01 6.790000000000000568e+01 1.400000000000000000e+19
5.819999999999999618e-01 1.114000000000000057e+02 2.220000000000000000e+19
5.629999999999999449e-01 2.940000000000000000e+02 3.510000000000000000e+19
5.380000000000000338e-01 5.540000000000000000e+02 5.160000000000000000e+19
5.140000000000000124e-01 8.737000000000000455e+02 7.070000000000000000e+19
4.899999999999999911e-01 9.838999999999999773e+02 7.160000000000000000e+19
4.680000000000000271e-01 9.646000000000000227e+02 7.650000000000000000e+19
4.460000000000000075e-01 9.646000000000000227e+02 7.780000000000000000e+19
4.249999999999999889e-01 1.003600000000000023e+03 7.590000000000000000e+19
4.040000000000000258e-01 1.003600000000000023e+03 7.860000000000000000e+19
