6.005000000000000338e-01 2.819999999999999929e+01 1.620000000000000000e+19
5.899999999999999689e-01 8.050000000000000000e+01 4.350000000000000000e+19
5.699999999999999512e-01 2.234000000000000057e+02 5.660000000000000000e+19
5.450000000000000400e-01 4.276999999999999886e+02 8.980000000000000000e+19
5.210000000000000187e-01 6.737999999999999545e+02 1.100000000000000000e+20
4.969999999999999973e-01 9.332999999999999545e+02 1.170000000000000000e+20
4.739999999999999769e-01 9.598999999999999773e+02 1.190000000000000000e+20
4.530000000000000138e-01 9.598999999999999773e+02 1.160000000000000000e+20
4.309999999999999942e-01 1.026700000000000045e+03 1.240000000000000000e+20
4.099999999999999756e-01 1.055900000000000091e+03 1.250000000000000000e+20
