5.917000000000000037e-01 6.659999999999999432e+01 1.260000000000000000e+19
5.812000000000000499e-01 1.560000000000000000e+02 1.890000000000000000e+19
5.608999999999999542e-01 4.368999999999999773e+02 3.270000000000000000e+19
5.362000000000000099e-01 8.397000000000000455e+02 5.180000000000000000e+19
5.120000000000000107e-01 1.272799999999999955e+03 6.670000000000000000e+19
4.884999999999999898e-01 1.433299999999999955e+03 7.280000000000000000e+19
4.661000000000000143e-01 1.582500000000000000e+03 7.960000000000000000e+19
4.448000000000000287e-01 1.551500000000000000e+03 8.180000000000000000e+19
4.236000000000000321e-01 1.679400000000000091e+03 8.660000000000000000e+19
4.026000000000000134e-01 1.646500000000000000e+03 8.350000000000000000e+19
