5.917000000000000037e-01 1.070999999999999943e+02 1.490000000000000000e+19
5.812000000000000499e-01 2.318000000000000114e+02 2.110000000000000000e+19
5.608999999999999542e-01 4.920000000000000000e+02 3.540000000000000000e+19
5.362000000000000099e-01 9.646000000000000227e+02 5.290000000000000000e+19
5.120000000000000107e-01 1.433299999999999955e+03 6.460000000000000000e+19
4.884999999999999898e-01 1.646500000000000000e+03 6.940000000000000000e+19
4.661000000000000143e-01 1.713000000000000000e+03 7.700000000000000000e+19
4.448000000000000287e-01 1.713000000000000000e+03 7.920000000000000000e+19
4.236000000000000321e-01 1.817799999999999955e+03 8.240000000000000000e+19
4.026000000000000134e-01 1.817799999999999955e+03 7.580000000000000000e+19
