5.917000000000000037e-01 1.560000000000000000e+02 1.380000000000000000e+19
5.812000000000000499e-01 2.058000000000000114e+02 1.910000000000000000e+19
5.608999999999999542e-01 4.456000000000000227e+02 3.060000000000000000e+19
5.362000000000000099e-01 8.397000000000000455e+02 4.800000000000000000e+19
5.120000000000000107e-01 1.272799999999999955e+03 6.130000000000000000e+19
4.884999999999999898e-01 1.462000000000000000e+03 6.560000000000000000e+19
4.661000000000000143e-01 1.521099999999999909e+03 7.030000000000000000e+19
4.448000000000000287e-01 1.491200000000000045e+03 7.210000000000000000e+19
4.236000000000000321e-01 1.614200000000000045e+03 7.740000000000000000e+19
4.026000000000000134e-01 1.582500000000000000e+03 7.400000000000000000e+19
