5.917000000000000037e-01 1.009000000000000057e+02 9.510000000000000000e+18
5.812000000000000499e-01 1.358000000000000114e+02 1.280000000000000000e+19
5.608999999999999542e-01 3.058999999999999773e+02 1.840000000000000000e+19
5.362000000000000099e-01 5.540000000000000000e+02 2.580000000000000000e+19
5.120000000000000107e-01 7.912999999999999545e+02 3.320000000000000000e+19
4.884999999999999898e-01 9.646000000000000227e+02 3.950000000000000000e+19
4.661000000000000143e-01 1.003600000000000023e+03 4.140000000000000000e+19
4.448000000000000287e-01 1.065000000000000000e+03 4.250000000000000000e+19
4.236000000000000321e-01 1.086299999999999955e+03 4.480000000000000000e+19
4.026000000000000134e-01 1.108000000000000000e+03 4.420000000000000000e+19
