5.919999999999999707e-01 1.190000000000000036e+01 2.640000000000000000e+18
5.819999999999999618e-01 5.050000000000000000e+01 1.070000000000000000e+19
5.629999999999999449e-01 2.770000000000000000e+02 2.570000000000000000e+19
5.380000000000000338e-01 6.238999999999999773e+02 3.910000000000000000e+19
5.140000000000000124e-01 9.457000000000000455e+02 5.230000000000000000e+19
4.899999999999999911e-01 1.199400000000000091e+03 5.710000000000000000e+19
4.680000000000000271e-01 1.298200000000000045e+03 6.120000000000000000e+19
4.460000000000000075e-01 1.298200000000000045e+03 6.000000000000000000e+19
4.249999999999999889e-01 1.324200000000000045e+03 6.210000000000000000e+19
4.040000000000000258e-01 1.247799999999999955e+03 6.210000000000000000e+19
