6.005000000000000338e-01 1.930000000000000071e+01 1.310000000000000000e+19
5.899999999999999689e-01 7.690000000000000568e+01 3.110000000000000000e+19
5.699999999999999512e-01 2.234000000000000057e+02 5.420000000000000000e+19
5.450000000000000400e-01 4.601999999999999886e+02 1.140000000000000000e+20
5.210000000000000187e-01 7.012000000000000455e+02 1.380000000000000000e+20
4.969999999999999973e-01 9.332999999999999545e+02 1.480000000000000000e+20
4.739999999999999769e-01 9.332999999999999545e+02 1.580000000000000000e+20
4.530000000000000138e-01 9.866000000000000227e+02 1.610000000000000000e+20
4.309999999999999942e-01 1.103299999999999955e+03 1.700000000000000000e+20
4.099999999999999756e-01 1.085200000000000045e+03 1.690000000000000000e+20
