5.917000000000000037e-01 1.135999999999999943e+02 1.450000000000000000e+19
5.812000000000000499e-01 2.058000000000000114e+02 2.270000000000000000e+19
5.608999999999999542e-01 5.118000000000000114e+02 3.520000000000000000e+19
5.362000000000000099e-01 9.271000000000000227e+02 4.950000000000000000e+19
5.120000000000000107e-01 1.247799999999999955e+03 5.980000000000000000e+19
4.884999999999999898e-01 1.350700000000000045e+03 6.860000000000000000e+19
4.661000000000000143e-01 1.350700000000000045e+03 7.190000000000000000e+19
4.448000000000000287e-01 1.405200000000000045e+03 7.120000000000000000e+19
4.236000000000000321e-01 1.350700000000000045e+03 7.190000000000000000e+19
4.026000000000000134e-01 1.350700000000000045e+03 7.140000000000000000e+19
