5.919999999999999707e-01 2.150000000000000000e+01 5.980000000000000000e+18
5.819999999999999618e-01 1.135999999999999943e+02 2.170000000000000000e+19
5.629999999999999449e-01 3.181999999999999886e+02 3.950000000000000000e+19
5.380000000000000338e-01 7.027000000000000455e+02 6.760000000000000000e+19
5.140000000000000124e-01 1.003600000000000023e+03 8.240000000000000000e+19
4.899999999999999911e-01 1.199400000000000091e+03 9.200000000000000000e+19
4.680000000000000271e-01 1.324200000000000045e+03 1.050000000000000000e+20
4.460000000000000075e-01 1.324200000000000045e+03 1.070000000000000000e+20
4.249999999999999889e-01 1.462000000000000000e+03 1.130000000000000000e+20
4.040000000000000258e-01 1.433299999999999955e+03 1.110000000000000000e+20
