5.919999999999999707e-01 7.959999999999999432e+01 2.010000000000000000e+19
5.819999999999999618e-01 1.305000000000000000e+02 2.540000000000000000e+19
5.629999999999999449e-01 3.445000000000000000e+02 4.170000000000000000e+19
5.380000000000000338e-01 6.117000000000000455e+02 6.030000000000000000e+19
5.140000000000000124e-01 9.457000000000000455e+02 7.330000000000000000e+19
4.899999999999999911e-01 1.086299999999999955e+03 7.750000000000000000e+19
4.680000000000000271e-01 1.152799999999999955e+03 8.350000000000000000e+19
4.460000000000000075e-01 1.130200000000000045e+03 8.500000000000000000e+19
4.249999999999999889e-01 1.175799999999999955e+03 8.610000000000000000e+19
4.040000000000000258e-01 1.199400000000000091e+03 8.910000000000000000e+19
