5.919999999999999707e-01 7.500000000000000000e+01 1.340000000000000000e+19
5.819999999999999618e-01 1.721999999999999886e+02 2.100000000000000000e+19
5.629999999999999449e-01 3.878999999999999773e+02 3.410000000000000000e+19
5.380000000000000338e-01 7.027000000000000455e+02 5.140000000000000000e+19
5.140000000000000124e-01 1.065000000000000000e+03 6.470000000000000000e+19
4.899999999999999911e-01 1.199400000000000091e+03 6.690000000000000000e+19
4.680000000000000271e-01 1.298200000000000045e+03 7.380000000000000000e+19
4.460000000000000075e-01 1.324200000000000045e+03 7.520000000000000000e+19
4.249999999999999889e-01 1.350700000000000045e+03 7.710000000000000000e+19
4.040000000000000258e-01 1.324200000000000045e+03 7.790000000000000000e+19
