5.917000000000000037e-01 1.092000000000000028e+02 1.860000000000000000e+19
5.812000000000000499e-01 1.828000000000000114e+02 2.490000000000000000e+19
5.608999999999999542e-01 4.116999999999999886e+02 3.740000000000000000e+19
5.362000000000000099e-01 7.167000000000000455e+02 5.310000000000000000e+19
5.120000000000000107e-01 1.044099999999999909e+03 6.560000000000000000e+19
4.884999999999999898e-01 1.175799999999999955e+03 7.640000000000000000e+19
4.661000000000000143e-01 1.272799999999999955e+03 8.260000000000000000e+19
4.448000000000000287e-01 1.272799999999999955e+03 8.220000000000000000e+19
4.236000000000000321e-01 1.298200000000000045e+03 8.500000000000000000e+19
4.026000000000000134e-01 1.272799999999999955e+03 8.170000000000000000e+19
