5.917000000000000037e-01 1.135999999999999943e+02 1.380000000000000000e+19
5.812000000000000499e-01 1.864000000000000057e+02 1.730000000000000000e+19
5.608999999999999542e-01 3.803000000000000114e+02 2.950000000000000000e+19
5.362000000000000099e-01 7.912999999999999545e+02 4.510000000000000000e+19
5.120000000000000107e-01 1.108000000000000000e+03 5.760000000000000000e+19
4.884999999999999898e-01 1.350700000000000045e+03 6.120000000000000000e+19
4.661000000000000143e-01 1.462000000000000000e+03 6.760000000000000000e+19
4.448000000000000287e-01 1.462000000000000000e+03 7.020000000000000000e+19
4.236000000000000321e-01 1.551500000000000000e+03 7.290000000000000000e+19
4.026000000000000134e-01 1.462000000000000000e+03 6.910000000000000000e+19
