5.917000000000000037e-01 8.440000000000000568e+01 1.050000000000000000e+19
5.812000000000000499e-01 1.560000000000000000e+02 1.580000000000000000e+19
5.608999999999999542e-01 3.513000000000000114e+02 2.530000000000000000e+19
5.362000000000000099e-01 6.491000000000000227e+02 4.000000000000000000e+19
5.120000000000000107e-01 1.023600000000000023e+03 5.520000000000000000e+19
4.884999999999999898e-01 1.152799999999999955e+03 6.290000000000000000e+19
4.661000000000000143e-01 1.350700000000000045e+03 7.400000000000000000e+19
4.448000000000000287e-01 1.377700000000000045e+03 7.600000000000000000e+19
4.236000000000000321e-01 1.433299999999999955e+03 8.130000000000000000e+19
4.026000000000000134e-01 1.433299999999999955e+03 7.860000000000000000e+19
