5.919999999999999707e-01 6.270000000000000284e+01 1.470000000000000000e+19
5.819999999999999618e-01 1.305000000000000000e+02 2.060000000000000000e+19
5.629999999999999449e-01 3.120000000000000000e+02 3.360000000000000000e+19
5.380000000000000338e-01 5.880000000000000000e+02 5.620000000000000000e+19
5.140000000000000124e-01 9.271000000000000227e+02 6.950000000000000000e+19
4.899999999999999911e-01 1.175799999999999955e+03 7.250000000000000000e+19
4.680000000000000271e-01 1.175799999999999955e+03 8.160000000000000000e+19
4.460000000000000075e-01 1.247799999999999955e+03 8.380000000000000000e+19
4.249999999999999889e-01 1.272799999999999955e+03 8.590000000000000000e+19
4.040000000000000258e-01 1.272799999999999955e+03 8.880000000000000000e+19
