5.917000000000000037e-01 1.230000000000000000e+02 7.070000000000000000e+18
5.812000000000000499e-01 2.100000000000000000e+02 8.380000000000000000e+18
5.608999999999999542e-01 3.655000000000000000e+02 1.100000000000000000e+19
5.362000000000000099e-01 6.117000000000000455e+02 1.470000000000000000e+19
5.120000000000000107e-01 1.003600000000000023e+03 1.770000000000000000e+19
4.884999999999999898e-01 1.044099999999999909e+03 1.860000000000000000e+19
4.661000000000000143e-01 1.044099999999999909e+03 2.010000000000000000e+19
4.448000000000000287e-01 1.086299999999999955e+03 1.920000000000000000e+19
4.236000000000000321e-01 9.271000000000000227e+02 1.950000000000000000e+19
4.026000000000000134e-01 8.911000000000000227e+02 1.800000000000000000e+19
