6.005000000000000338e-01 nan nan
5.899999999999999689e-01 nan nan
5.699999999999999512e-01 8.859999999999999432e+01 3.910000000000000000e+19
5.450000000000000400e-01 2.781000000000000227e+02 7.180000000000000000e+19
5.210000000000000187e-01 5.267999999999999545e+02 1.260000000000000000e+20
4.969999999999999973e-01 8.152999999999999545e+02 1.440000000000000000e+20
4.739999999999999769e-01 9.332999999999999545e+02 1.570000000000000000e+20
4.530000000000000138e-01 1.055900000000000091e+03 1.570000000000000000e+20
4.309999999999999942e-01 1.085200000000000045e+03 1.640000000000000000e+20
4.099999999999999756e-01 1.103299999999999955e+03 1.680000000000000000e+20
