5.919999999999999707e-01 7.070000000000000284e+01 1.770000000000000000e+19
5.819999999999999618e-01 1.499000000000000057e+02 2.470000000000000000e+19
5.629999999999999449e-01 3.445000000000000000e+02 4.080000000000000000e+19
5.380000000000000338e-01 6.238999999999999773e+02 5.800000000000000000e+19
5.140000000000000124e-01 9.457000000000000455e+02 7.260000000000000000e+19
4.899999999999999911e-01 1.130200000000000045e+03 7.760000000000000000e+19
4.680000000000000271e-01 1.086299999999999955e+03 8.450000000000000000e+19
4.460000000000000075e-01 1.086299999999999955e+03 8.320000000000000000e+19
4.249999999999999889e-01 1.108000000000000000e+03 8.160000000000000000e+19
4.040000000000000258e-01 1.086299999999999955e+03 8.380000000000000000e+19
