5.919999999999999707e-01 5.570000000000000284e+01 7.900000000000000000e+18
5.819999999999999618e-01 1.330999999999999943e+02 2.410000000000000000e+19
5.629999999999999449e-01 3.583999999999999773e+02 4.060000000000000000e+19
5.380000000000000338e-01 6.888999999999999773e+02 5.840000000000000000e+19
5.140000000000000124e-01 1.023600000000000023e+03 7.770000000000000000e+19
4.899999999999999911e-01 1.247799999999999955e+03 8.690000000000000000e+19
4.680000000000000271e-01 1.350700000000000045e+03 9.810000000000000000e+19
4.460000000000000075e-01 1.350700000000000045e+03 9.850000000000000000e+19
4.249999999999999889e-01 1.433299999999999955e+03 1.040000000000000000e+20
4.040000000000000258e-01 1.462000000000000000e+03 1.010000000000000000e+20
