5.917000000000000037e-01 2.509000000000000057e+02 1.620000000000000000e+19
5.812000000000000499e-01 4.036000000000000227e+02 1.950000000000000000e+19
5.608999999999999542e-01 6.363999999999999773e+02 2.830000000000000000e+19
5.362000000000000099e-01 1.044099999999999909e+03 3.950000000000000000e+19
5.120000000000000107e-01 1.175799999999999955e+03 4.790000000000000000e+19
4.884999999999999898e-01 1.247799999999999955e+03 4.980000000000000000e+19
4.661000000000000143e-01 1.223299999999999955e+03 5.510000000000000000e+19
4.448000000000000287e-01 1.247799999999999955e+03 5.560000000000000000e+19
4.236000000000000321e-01 1.223299999999999955e+03 5.550000000000000000e+19
4.026000000000000134e-01 1.272799999999999955e+03 5.560000000000000000e+19
