5.919999999999999707e-01 2.839999999999999858e+01 1.220000000000000000e+19
5.819999999999999618e-01 7.500000000000000000e+01 1.780000000000000000e+19
5.629999999999999449e-01 2.559000000000000057e+02 3.310000000000000000e+19
5.380000000000000338e-01 5.763999999999999773e+02 4.360000000000000000e+19
5.140000000000000124e-01 9.457000000000000455e+02 5.430000000000000000e+19
4.899999999999999911e-01 1.199400000000000091e+03 5.950000000000000000e+19
4.680000000000000271e-01 1.223299999999999955e+03 6.530000000000000000e+19
4.460000000000000075e-01 1.272799999999999955e+03 6.720000000000000000e+19
4.249999999999999889e-01 1.247799999999999955e+03 6.870000000000000000e+19
4.040000000000000258e-01 1.247799999999999955e+03 6.950000000000000000e+19
