5.919999999999999707e-01 1.159000000000000057e+02 1.380000000000000000e+19
5.819999999999999618e-01 2.364000000000000057e+02 1.890000000000000000e+19
5.629999999999999449e-01 4.116999999999999886e+02 3.200000000000000000e+19
5.380000000000000338e-01 7.606000000000000227e+02 4.630000000000000000e+19
5.140000000000000124e-01 1.130200000000000045e+03 6.200000000000000000e+19
4.899999999999999911e-01 1.377700000000000045e+03 6.790000000000000000e+19
4.680000000000000271e-01 1.298200000000000045e+03 7.070000000000000000e+19
4.460000000000000075e-01 1.350700000000000045e+03 7.110000000000000000e+19
4.249999999999999889e-01 1.377700000000000045e+03 7.240000000000000000e+19
4.040000000000000258e-01 1.377700000000000045e+03 7.190000000000000000e+19
