5.919999999999999707e-01 3.820000000000000284e+01 8.410000000000000000e+18
5.819999999999999618e-01 1.050000000000000000e+02 1.380000000000000000e+19
5.629999999999999449e-01 3.376999999999999886e+02 2.470000000000000000e+19
5.380000000000000338e-01 6.888999999999999773e+02 4.030000000000000000e+19
5.140000000000000124e-01 1.086299999999999955e+03 5.880000000000000000e+19
4.899999999999999911e-01 1.377700000000000045e+03 6.450000000000000000e+19
4.680000000000000271e-01 1.462000000000000000e+03 6.960000000000000000e+19
4.460000000000000075e-01 1.491200000000000045e+03 7.190000000000000000e+19
4.249999999999999889e-01 1.582500000000000000e+03 7.530000000000000000e+19
4.040000000000000258e-01 1.582500000000000000e+03 7.280000000000000000e+19
