5.919999999999999707e-01 9.320000000000000284e+01 1.560000000000000000e+19
5.819999999999999618e-01 1.560000000000000000e+02 2.110000000000000000e+19
5.629999999999999449e-01 3.803000000000000114e+02 3.490000000000000000e+19
5.380000000000000338e-01 7.167000000000000455e+02 5.240000000000000000e+19
5.140000000000000124e-01 1.108000000000000000e+03 6.480000000000000000e+19
4.899999999999999911e-01 1.377700000000000045e+03 6.710000000000000000e+19
4.680000000000000271e-01 1.491200000000000045e+03 7.430000000000000000e+19
4.460000000000000075e-01 1.433299999999999955e+03 7.500000000000000000e+19
4.249999999999999889e-01 1.582500000000000000e+03 7.570000000000000000e+19
4.040000000000000258e-01 1.433299999999999955e+03 7.640000000000000000e+19
