6.005000000000000338e-01 1.200000000000000000e+01 1.600000000000000000e+19
5.899999999999999689e-01 5.139999999999999858e+01 4.370000000000000000e+19
5.699999999999999512e-01 1.570000000000000000e+02 7.030000000000000000e+19
5.450000000000000400e-01 3.365000000000000000e+02 1.080000000000000000e+20
5.210000000000000187e-01 5.418999999999999773e+02 1.390000000000000000e+20
4.969999999999999973e-01 7.932999999999999545e+02 1.490000000000000000e+20
4.739999999999999769e-01 8.335000000000000000e+02 1.540000000000000000e+20
4.530000000000000138e-01 8.968999999999999773e+02 1.520000000000000000e+20
4.309999999999999942e-01 9.168999999999999773e+02 1.610000000000000000e+20
4.099999999999999756e-01 9.117999999999999545e+02 1.650000000000000000e+20
