5.919999999999999707e-01 8.959999999999999432e+01 1.600000000000000000e+19
5.819999999999999618e-01 1.940000000000000000e+02 2.160000000000000000e+19
5.629999999999999449e-01 3.956999999999999886e+02 3.440000000000000000e+19
5.380000000000000338e-01 6.753999999999999773e+02 4.900000000000000000e+19
5.140000000000000124e-01 1.044099999999999909e+03 6.540000000000000000e+19
4.899999999999999911e-01 1.272799999999999955e+03 6.890000000000000000e+19
4.680000000000000271e-01 1.298200000000000045e+03 7.890000000000000000e+19
4.460000000000000075e-01 1.247799999999999955e+03 7.910000000000000000e+19
4.249999999999999889e-01 1.324200000000000045e+03 8.230000000000000000e+19
4.040000000000000258e-01 1.350700000000000045e+03 8.570000000000000000e+19
