6.005000000000000338e-01 nan nan
5.899999999999999689e-01 2.680000000000000071e+01 1.760000000000000000e+19
5.699999999999999512e-01 2.183000000000000114e+02 4.740000000000000000e+19
5.450000000000000400e-01 4.926000000000000227e+02 8.190000000000000000e+19
5.210000000000000187e-01 7.712999999999999545e+02 1.120000000000000000e+20
4.969999999999999973e-01 1.026700000000000045e+03 1.210000000000000000e+20
4.739999999999999769e-01 1.085200000000000045e+03 1.210000000000000000e+20
4.530000000000000138e-01 1.055900000000000091e+03 1.170000000000000000e+20
4.309999999999999942e-01 1.109400000000000091e+03 1.230000000000000000e+20
4.099999999999999756e-01 1.103299999999999955e+03 1.200000000000000000e+20
