5.917000000000000037e-01 1.159000000000000057e+02 5.770000000000000000e+18
5.812000000000000499e-01 1.655999999999999943e+02 1.150000000000000000e+19
5.608999999999999542e-01 3.058999999999999773e+02 1.820000000000000000e+19
5.362000000000000099e-01 5.325000000000000000e+02 2.660000000000000000e+19
5.120000000000000107e-01 8.232999999999999545e+02 3.500000000000000000e+19
4.884999999999999898e-01 1.044099999999999909e+03 4.110000000000000000e+19
4.661000000000000143e-01 1.130200000000000045e+03 4.420000000000000000e+19
4.448000000000000287e-01 1.130200000000000045e+03 4.540000000000000000e+19
4.236000000000000321e-01 1.152799999999999955e+03 4.860000000000000000e+19
4.026000000000000134e-01 1.175799999999999955e+03 4.750000000000000000e+19
