5.919999999999999707e-01 4.220000000000000284e+01 9.630000000000000000e+18
5.819999999999999618e-01 1.413000000000000114e+02 2.280000000000000000e+19
5.629999999999999449e-01 3.655000000000000000e+02 4.250000000000000000e+19
5.380000000000000338e-01 7.027000000000000455e+02 6.870000000000000000e+19
5.140000000000000124e-01 1.086299999999999955e+03 8.690000000000000000e+19
4.899999999999999911e-01 1.152799999999999955e+03 9.550000000000000000e+19
4.680000000000000271e-01 1.272799999999999955e+03 1.120000000000000000e+20
4.460000000000000075e-01 1.324200000000000045e+03 1.200000000000000000e+20
4.249999999999999889e-01 1.433299999999999955e+03 1.260000000000000000e+20
4.040000000000000258e-01 1.405200000000000045e+03 1.240000000000000000e+20
