6.005000000000000338e-01 1.590000000000000036e+01 1.470000000000000000e+19
5.899999999999999689e-01 4.550000000000000000e+01 3.240000000000000000e+19
5.699999999999999512e-01 1.899000000000000057e+02 5.830000000000000000e+19
5.450000000000000400e-01 4.183999999999999773e+02 9.000000000000000000e+19
5.210000000000000187e-01 6.375000000000000000e+02 1.100000000000000000e+20
4.969999999999999973e-01 8.727000000000000455e+02 1.130000000000000000e+20
4.739999999999999769e-01 9.117999999999999545e+02 1.150000000000000000e+20
4.530000000000000138e-01 9.332999999999999545e+02 1.130000000000000000e+20
4.309999999999999942e-01 9.332999999999999545e+02 1.210000000000000000e+20
4.099999999999999756e-01 9.866000000000000227e+02 1.220000000000000000e+20
