5.919999999999999707e-01 9.700000000000000000e+01 1.500000000000000000e+19
5.819999999999999618e-01 1.182000000000000028e+02 1.970000000000000000e+19
5.629999999999999449e-01 2.998999999999999773e+02 3.080000000000000000e+19
5.380000000000000338e-01 5.432000000000000455e+02 4.520000000000000000e+19
5.140000000000000124e-01 7.912999999999999545e+02 6.280000000000000000e+19
4.899999999999999911e-01 9.271000000000000227e+02 6.770000000000000000e+19
4.680000000000000271e-01 9.271000000000000227e+02 7.420000000000000000e+19
4.460000000000000075e-01 9.646000000000000227e+02 7.260000000000000000e+19
4.249999999999999889e-01 9.457000000000000455e+02 7.170000000000000000e+19
4.040000000000000258e-01 9.457000000000000455e+02 7.320000000000000000e+19
