6.005000000000000338e-01 1.869999999999999929e+01 1.500000000000000000e+19
5.899999999999999689e-01 7.829999999999999716e+01 5.560000000000000000e+19
5.699999999999999512e-01 1.995000000000000000e+02 6.670000000000000000e+19
5.450000000000000400e-01 4.353999999999999773e+02 1.020000000000000000e+20
5.210000000000000187e-01 6.557000000000000455e+02 1.280000000000000000e+20
4.969999999999999973e-01 8.727000000000000455e+02 1.340000000000000000e+20
4.739999999999999769e-01 8.485000000000000000e+02 1.360000000000000000e+20
4.530000000000000138e-01 7.932999999999999545e+02 1.360000000000000000e+20
4.309999999999999942e-01 8.485000000000000000e+02 1.420000000000000000e+20
4.099999999999999756e-01 8.288999999999999773e+02 1.390000000000000000e+20
