5.919999999999999707e-01 9.320000000000000284e+01 1.410000000000000000e+19
5.819999999999999618e-01 1.590999999999999943e+02 1.880000000000000000e+19
5.629999999999999449e-01 3.583999999999999773e+02 3.360000000000000000e+19
5.380000000000000338e-01 6.491000000000000227e+02 5.650000000000000000e+19
5.140000000000000124e-01 1.044099999999999909e+03 7.120000000000000000e+19
4.899999999999999911e-01 1.223299999999999955e+03 7.210000000000000000e+19
4.680000000000000271e-01 1.223299999999999955e+03 8.060000000000000000e+19
4.460000000000000075e-01 1.272799999999999955e+03 8.390000000000000000e+19
4.249999999999999889e-01 1.433299999999999955e+03 8.530000000000000000e+19
4.040000000000000258e-01 1.298200000000000045e+03 8.550000000000000000e+19
