5.919999999999999707e-01 8.440000000000000568e+01 1.830000000000000000e+19
5.819999999999999618e-01 1.756999999999999886e+02 2.740000000000000000e+19
5.629999999999999449e-01 nan nan
5.380000000000000338e-01 5.763999999999999773e+02 5.970000000000000000e+19
5.140000000000000124e-01 8.737000000000000455e+02 7.720000000000000000e+19
4.899999999999999911e-01 1.003600000000000023e+03 7.770000000000000000e+19
4.680000000000000271e-01 9.457000000000000455e+02 8.320000000000000000e+19
4.460000000000000075e-01 9.271000000000000227e+02 8.250000000000000000e+19
4.249999999999999889e-01 9.457000000000000455e+02 8.100000000000000000e+19
4.040000000000000258e-01 9.646000000000000227e+02 8.410000000000000000e+19
