5.919999999999999707e-01 4.850000000000000000e+01 9.710000000000000000e+18
5.819999999999999618e-01 9.700000000000000000e+01 1.530000000000000000e+19
5.629999999999999449e-01 1.756999999999999886e+02 2.200000000000000000e+19
5.380000000000000338e-01 2.998999999999999773e+02 2.640000000000000000e+19
5.140000000000000124e-01 5.432000000000000455e+02 3.660000000000000000e+19
4.899999999999999911e-01 7.167000000000000455e+02 3.990000000000000000e+19
4.680000000000000271e-01 7.027000000000000455e+02 4.170000000000000000e+19
4.460000000000000075e-01 6.753999999999999773e+02 4.290000000000000000e+19
4.249999999999999889e-01 7.757999999999999545e+02 4.450000000000000000e+19
4.040000000000000258e-01 7.457000000000000455e+02 4.630000000000000000e+19
