5.917000000000000037e-01 1.440999999999999943e+02 2.020000000000000000e+19
5.812000000000000499e-01 2.940000000000000000e+02 2.850000000000000000e+19
5.608999999999999542e-01 5.763999999999999773e+02 3.950000000000000000e+19
5.362000000000000099e-01 7.606000000000000227e+02 5.630000000000000000e+19
5.120000000000000107e-01 9.457000000000000455e+02 7.010000000000000000e+19
4.884999999999999898e-01 1.108000000000000000e+03 8.180000000000000000e+19
4.661000000000000143e-01 1.130200000000000045e+03 8.720000000000000000e+19
4.448000000000000287e-01 1.152799999999999955e+03 8.600000000000000000e+19
4.236000000000000321e-01 1.108000000000000000e+03 8.830000000000000000e+19
4.026000000000000134e-01 1.130200000000000045e+03 8.620000000000000000e+19
