5.917000000000000037e-01 1.305000000000000000e+02 1.310000000000000000e+19
5.812000000000000499e-01 2.058000000000000114e+02 1.710000000000000000e+19
5.608999999999999542e-01 4.728999999999999773e+02 2.960000000000000000e+19
5.362000000000000099e-01 8.737000000000000455e+02 4.360000000000000000e+19
5.120000000000000107e-01 1.324200000000000045e+03 5.360000000000000000e+19
4.884999999999999898e-01 1.521099999999999909e+03 5.810000000000000000e+19
4.661000000000000143e-01 1.521099999999999909e+03 6.370000000000000000e+19
4.448000000000000287e-01 1.521099999999999909e+03 6.530000000000000000e+19
4.236000000000000321e-01 1.614200000000000045e+03 6.930000000000000000e+19
4.026000000000000134e-01 1.521099999999999909e+03 6.660000000000000000e+19
