5.919999999999999707e-01 3.329999999999999716e+01 8.780000000000000000e+18
5.819999999999999618e-01 9.140000000000000568e+01 1.450000000000000000e+19
5.629999999999999449e-01 2.141999999999999886e+02 2.280000000000000000e+19
5.380000000000000338e-01 3.728999999999999773e+02 2.900000000000000000e+19
5.140000000000000124e-01 5.997000000000000455e+02 3.790000000000000000e+19
4.899999999999999911e-01 7.457000000000000455e+02 4.120000000000000000e+19
4.680000000000000271e-01 7.757999999999999545e+02 4.600000000000000000e+19
4.460000000000000075e-01 7.167000000000000455e+02 4.600000000000000000e+19
4.249999999999999889e-01 7.757999999999999545e+02 4.600000000000000000e+19
4.040000000000000258e-01 7.912999999999999545e+02 4.740000000000000000e+19
