5.919999999999999707e-01 6.400000000000000000e+01 1.870000000000000000e+19
5.819999999999999618e-01 9.140000000000000568e+01 2.510000000000000000e+19
5.629999999999999449e-01 2.411999999999999886e+02 3.440000000000000000e+19
5.380000000000000338e-01 4.116999999999999886e+02 4.980000000000000000e+19
5.140000000000000124e-01 5.540000000000000000e+02 6.650000000000000000e+19
4.899999999999999911e-01 6.621000000000000227e+02 7.440000000000000000e+19
4.680000000000000271e-01 6.888999999999999773e+02 7.990000000000000000e+19
4.460000000000000075e-01 6.753999999999999773e+02 8.260000000000000000e+19
4.249999999999999889e-01 7.027000000000000455e+02 8.260000000000000000e+19
4.040000000000000258e-01 6.753999999999999773e+02 8.590000000000000000e+19
