5.919999999999999707e-01 5.800000000000000000e+01 1.700000000000000000e+19
5.819999999999999618e-01 1.440999999999999943e+02 2.540000000000000000e+19
5.629999999999999449e-01 3.513000000000000114e+02 4.410000000000000000e+19
5.380000000000000338e-01 5.997000000000000455e+02 5.870000000000000000e+19
5.140000000000000124e-01 8.911000000000000227e+02 7.170000000000000000e+19
4.899999999999999911e-01 1.065000000000000000e+03 7.560000000000000000e+19
4.680000000000000271e-01 1.130200000000000045e+03 8.450000000000000000e+19
4.460000000000000075e-01 1.130200000000000045e+03 8.570000000000000000e+19
4.249999999999999889e-01 1.199400000000000091e+03 8.560000000000000000e+19
4.040000000000000258e-01 1.175799999999999955e+03 8.720000000000000000e+19
