5.917000000000000037e-01 8.440000000000000568e+01 8.250000000000000000e+18
5.812000000000000499e-01 2.018000000000000114e+02 1.920000000000000000e+19
5.608999999999999542e-01 4.283000000000000114e+02 3.070000000000000000e+19
5.362000000000000099e-01 7.757999999999999545e+02 4.140000000000000000e+19
5.120000000000000107e-01 1.152799999999999955e+03 5.240000000000000000e+19
4.884999999999999898e-01 1.247799999999999955e+03 5.790000000000000000e+19
4.661000000000000143e-01 1.298200000000000045e+03 6.370000000000000000e+19
4.448000000000000287e-01 1.324200000000000045e+03 6.380000000000000000e+19
4.236000000000000321e-01 1.350700000000000045e+03 6.710000000000000000e+19
4.026000000000000134e-01 1.350700000000000045e+03 6.490000000000000000e+19
