5.919999999999999707e-01 3.019999999999999929e+01 6.980000000000000000e+18
5.819999999999999618e-01 1.205999999999999943e+02 1.750000000000000000e+19
5.629999999999999449e-01 3.803000000000000114e+02 3.030000000000000000e+19
5.380000000000000338e-01 6.753999999999999773e+02 4.990000000000000000e+19
5.140000000000000124e-01 1.023600000000000023e+03 6.540000000000000000e+19
4.899999999999999911e-01 1.272799999999999955e+03 7.130000000000000000e+19
4.680000000000000271e-01 1.405200000000000045e+03 8.140000000000000000e+19
4.460000000000000075e-01 1.405200000000000045e+03 8.170000000000000000e+19
4.249999999999999889e-01 1.491200000000000045e+03 8.470000000000000000e+19
4.040000000000000258e-01 1.551500000000000000e+03 8.900000000000000000e+19
