6.005000000000000338e-01 1.590000000000000036e+01 7.870000000000000000e+18
5.899999999999999689e-01 3.510000000000000142e+01 3.870000000000000000e+19
5.699999999999999512e-01 1.640000000000000000e+02 6.610000000000000000e+19
5.450000000000000400e-01 3.701000000000000227e+02 1.070000000000000000e+20
5.210000000000000187e-01 5.795000000000000000e+02 1.320000000000000000e+20
4.969999999999999973e-01 8.152999999999999545e+02 1.420000000000000000e+20
4.739999999999999769e-01 8.968999999999999773e+02 1.450000000000000000e+20
4.530000000000000138e-01 8.727000000000000455e+02 1.450000000000000000e+20
4.309999999999999942e-01 9.598999999999999773e+02 1.560000000000000000e+20
4.099999999999999756e-01 9.598999999999999773e+02 1.510000000000000000e+20
