5.919999999999999707e-01 4.479999999999999716e+01 8.240000000000000000e+18
5.819999999999999618e-01 1.205999999999999943e+02 1.380000000000000000e+19
5.629999999999999449e-01 3.803000000000000114e+02 2.570000000000000000e+19
5.380000000000000338e-01 7.457000000000000455e+02 4.240000000000000000e+19
5.140000000000000124e-01 1.108000000000000000e+03 6.330000000000000000e+19
4.899999999999999911e-01 1.433299999999999955e+03 7.030000000000000000e+19
4.680000000000000271e-01 1.551500000000000000e+03 7.780000000000000000e+19
4.460000000000000075e-01 1.491200000000000045e+03 8.030000000000000000e+19
4.249999999999999889e-01 1.582500000000000000e+03 8.240000000000000000e+19
4.040000000000000258e-01 1.551500000000000000e+03 7.910000000000000000e+19
