5.919999999999999707e-01 7.070000000000000284e+01 9.420000000000000000e+18
5.819999999999999618e-01 1.255000000000000000e+02 2.030000000000000000e+19
5.629999999999999449e-01 3.181999999999999886e+02 4.270000000000000000e+19
5.380000000000000338e-01 5.997000000000000455e+02 6.410000000000000000e+19
5.140000000000000124e-01 9.838999999999999773e+02 8.390000000000000000e+19
4.899999999999999911e-01 1.152799999999999955e+03 8.520000000000000000e+19
4.680000000000000271e-01 1.223299999999999955e+03 9.540000000000000000e+19
4.460000000000000075e-01 1.199400000000000091e+03 9.800000000000000000e+19
4.249999999999999889e-01 1.272799999999999955e+03 9.950000000000000000e+19
4.040000000000000258e-01 1.298200000000000045e+03 1.010000000000000000e+20
