5.919999999999999707e-01 4.750000000000000000e+01 4.920000000000000000e+18
5.819999999999999618e-01 9.700000000000000000e+01 7.610000000000000000e+18
5.629999999999999449e-01 1.940000000000000000e+02 1.060000000000000000e+19
5.380000000000000338e-01 2.998999999999999773e+02 1.380000000000000000e+19
5.140000000000000124e-01 5.018000000000000114e+02 1.830000000000000000e+19
4.899999999999999911e-01 7.912999999999999545e+02 2.030000000000000000e+19
4.680000000000000271e-01 8.397000000000000455e+02 2.280000000000000000e+19
4.460000000000000075e-01 8.737000000000000455e+02 2.300000000000000000e+19
4.249999999999999889e-01 8.565000000000000000e+02 2.320000000000000000e+19
4.040000000000000258e-01 8.911000000000000227e+02 2.400000000000000000e+19
