5.919999999999999707e-01 4.310000000000000142e+01 1.030000000000000000e+19
5.819999999999999618e-01 1.440999999999999943e+02 2.070000000000000000e+19
5.629999999999999449e-01 3.120000000000000000e+02 3.580000000000000000e+19
5.380000000000000338e-01 6.888999999999999773e+02 5.130000000000000000e+19
5.140000000000000124e-01 1.044099999999999909e+03 7.020000000000000000e+19
4.899999999999999911e-01 1.199400000000000091e+03 7.620000000000000000e+19
4.680000000000000271e-01 1.247799999999999955e+03 8.480000000000000000e+19
4.460000000000000075e-01 1.324200000000000045e+03 8.400000000000000000e+19
4.249999999999999889e-01 1.350700000000000045e+03 8.490000000000000000e+19
4.040000000000000258e-01 1.324200000000000045e+03 8.810000000000000000e+19
