5.919999999999999707e-01 8.779999999999999716e+01 4.770000000000000000e+18
5.819999999999999618e-01 1.070999999999999943e+02 7.700000000000000000e+18
5.629999999999999449e-01 2.559000000000000057e+02 1.100000000000000000e+19
5.380000000000000338e-01 3.583999999999999773e+02 1.310000000000000000e+19
5.140000000000000124e-01 5.651000000000000227e+02 1.610000000000000000e+19
4.899999999999999911e-01 7.757999999999999545e+02 1.820000000000000000e+19
4.680000000000000271e-01 8.232999999999999545e+02 1.990000000000000000e+19
4.460000000000000075e-01 8.737000000000000455e+02 2.100000000000000000e+19
4.249999999999999889e-01 8.911000000000000227e+02 2.080000000000000000e+19
4.040000000000000258e-01 8.911000000000000227e+02 2.040000000000000000e+19
