5.919999999999999707e-01 1.569999999999999929e+01 5.520000000000000000e+18
5.819999999999999618e-01 1.205999999999999943e+02 1.850000000000000000e+19
5.629999999999999449e-01 4.283000000000000114e+02 3.200000000000000000e+19
5.380000000000000338e-01 6.888999999999999773e+02 4.500000000000000000e+19
5.140000000000000124e-01 1.065000000000000000e+03 6.310000000000000000e+19
4.899999999999999911e-01 1.247799999999999955e+03 6.870000000000000000e+19
4.680000000000000271e-01 1.272799999999999955e+03 7.280000000000000000e+19
4.460000000000000075e-01 1.247799999999999955e+03 7.210000000000000000e+19
4.249999999999999889e-01 1.298200000000000045e+03 7.230000000000000000e+19
4.040000000000000258e-01 1.272799999999999955e+03 7.150000000000000000e+19
