5.917000000000000037e-01 2.509000000000000057e+02 1.630000000000000000e+19
5.812000000000000499e-01 3.513000000000000114e+02 2.080000000000000000e+19
5.608999999999999542e-01 7.027000000000000455e+02 3.040000000000000000e+19
5.362000000000000099e-01 1.003600000000000023e+03 3.890000000000000000e+19
5.120000000000000107e-01 1.175799999999999955e+03 4.930000000000000000e+19
4.884999999999999898e-01 1.247799999999999955e+03 5.120000000000000000e+19
4.661000000000000143e-01 1.223299999999999955e+03 5.440000000000000000e+19
4.448000000000000287e-01 1.223299999999999955e+03 5.570000000000000000e+19
4.236000000000000321e-01 1.247799999999999955e+03 5.590000000000000000e+19
4.026000000000000134e-01 1.272799999999999955e+03 5.460000000000000000e+19
