5.919999999999999707e-01 6.659999999999999432e+01 1.860000000000000000e+19
5.819999999999999618e-01 1.385000000000000000e+02 2.700000000000000000e+19
5.629999999999999449e-01 2.611000000000000227e+02 4.100000000000000000e+19
5.380000000000000338e-01 5.997000000000000455e+02 6.250000000000000000e+19
5.140000000000000124e-01 8.737000000000000455e+02 8.090000000000000000e+19
4.899999999999999911e-01 1.086299999999999955e+03 8.650000000000000000e+19
4.680000000000000271e-01 nan nan
4.460000000000000075e-01 9.838999999999999773e+02 9.210000000000000000e+19
4.249999999999999889e-01 1.065000000000000000e+03 9.010000000000000000e+19
4.040000000000000258e-01 1.003600000000000023e+03 9.290000000000000000e+19
