5.917000000000000037e-01 8.609999999999999432e+01 8.900000000000000000e+18
5.812000000000000499e-01 1.756999999999999886e+02 1.200000000000000000e+19
5.608999999999999542e-01 2.826000000000000227e+02 1.830000000000000000e+19
5.362000000000000099e-01 5.221000000000000227e+02 2.570000000000000000e+19
5.120000000000000107e-01 8.232999999999999545e+02 3.370000000000000000e+19
4.884999999999999898e-01 1.044099999999999909e+03 3.810000000000000000e+19
4.661000000000000143e-01 1.065000000000000000e+03 4.140000000000000000e+19
4.448000000000000287e-01 1.065000000000000000e+03 4.220000000000000000e+19
4.236000000000000321e-01 1.086299999999999955e+03 4.350000000000000000e+19
4.026000000000000134e-01 1.065000000000000000e+03 4.350000000000000000e+19
