5.917000000000000037e-01 9.700000000000000000e+01 1.930000000000000000e+19
5.812000000000000499e-01 1.623000000000000114e+02 2.470000000000000000e+19
5.608999999999999542e-01 4.036000000000000227e+02 4.130000000000000000e+19
5.362000000000000099e-01 6.753999999999999773e+02 5.800000000000000000e+19
5.120000000000000107e-01 1.044099999999999909e+03 7.150000000000000000e+19
4.884999999999999898e-01 1.272799999999999955e+03 7.990000000000000000e+19
4.661000000000000143e-01 1.223299999999999955e+03 8.550000000000000000e+19
4.448000000000000287e-01 1.377700000000000045e+03 8.870000000000000000e+19
4.236000000000000321e-01 1.324200000000000045e+03 9.170000000000000000e+19
4.026000000000000134e-01 1.324200000000000045e+03 8.760000000000000000e+19
