5.917000000000000037e-01 1.330999999999999943e+02 1.320000000000000000e+19
5.812000000000000499e-01 1.864000000000000057e+02 1.820000000000000000e+19
5.608999999999999542e-01 4.116999999999999886e+02 2.840000000000000000e+19
5.362000000000000099e-01 7.310000000000000000e+02 4.170000000000000000e+19
5.120000000000000107e-01 1.130200000000000045e+03 5.140000000000000000e+19
4.884999999999999898e-01 1.272799999999999955e+03 5.630000000000000000e+19
4.661000000000000143e-01 1.350700000000000045e+03 6.200000000000000000e+19
4.448000000000000287e-01 1.324200000000000045e+03 6.190000000000000000e+19
4.236000000000000321e-01 1.377700000000000045e+03 6.440000000000000000e+19
4.026000000000000134e-01 1.350700000000000045e+03 6.290000000000000000e+19
