5.917000000000000037e-01 1.159000000000000057e+02 1.560000000000000000e+19
5.812000000000000499e-01 2.018000000000000114e+02 2.030000000000000000e+19
5.608999999999999542e-01 4.198999999999999773e+02 3.310000000000000000e+19
5.362000000000000099e-01 7.606000000000000227e+02 4.690000000000000000e+19
5.120000000000000107e-01 1.130200000000000045e+03 5.910000000000000000e+19
4.884999999999999898e-01 1.199400000000000091e+03 6.210000000000000000e+19
4.661000000000000143e-01 1.199400000000000091e+03 6.500000000000000000e+19
4.448000000000000287e-01 1.272799999999999955e+03 6.740000000000000000e+19
4.236000000000000321e-01 1.377700000000000045e+03 6.940000000000000000e+19
4.026000000000000134e-01 1.350700000000000045e+03 6.800000000000000000e+19
