5.917000000000000037e-01 2.289999999999999858e+01 1.180000000000000000e+19
5.812000000000000499e-01 6.270000000000000284e+01 2.270000000000000000e+19
5.608999999999999542e-01 1.689000000000000057e+02 3.190000000000000000e+19
5.362000000000000099e-01 2.509000000000000057e+02 3.560000000000000000e+19
5.120000000000000107e-01 4.456000000000000227e+02 4.450000000000000000e+19
4.884999999999999898e-01 5.997000000000000455e+02 5.030000000000000000e+19
4.661000000000000143e-01 6.363999999999999773e+02 5.370000000000000000e+19
4.448000000000000287e-01 6.117000000000000455e+02 5.160000000000000000e+19
4.236000000000000321e-01 6.621000000000000227e+02 5.430000000000000000e+19
4.026000000000000134e-01 6.621000000000000227e+02 5.380000000000000000e+19
