5.919999999999999707e-01 4.570000000000000284e+01 9.530000000000000000e+18
5.819999999999999618e-01 1.590999999999999943e+02 1.960000000000000000e+19
5.629999999999999449e-01 3.583999999999999773e+02 3.220000000000000000e+19
5.380000000000000338e-01 7.027000000000000455e+02 4.540000000000000000e+19
5.140000000000000124e-01 1.065000000000000000e+03 6.150000000000000000e+19
4.899999999999999911e-01 1.298200000000000045e+03 6.480000000000000000e+19
4.680000000000000271e-01 1.462000000000000000e+03 7.350000000000000000e+19
4.460000000000000075e-01 1.433299999999999955e+03 7.530000000000000000e+19
4.249999999999999889e-01 1.491200000000000045e+03 7.670000000000000000e+19
4.040000000000000258e-01 1.491200000000000045e+03 7.750000000000000000e+19
