5.919999999999999707e-01 9.320000000000000284e+01 1.220000000000000000e+19
5.819999999999999618e-01 1.864000000000000057e+02 1.980000000000000000e+19
5.629999999999999449e-01 3.803000000000000114e+02 3.220000000000000000e+19
5.380000000000000338e-01 7.310000000000000000e+02 4.960000000000000000e+19
5.140000000000000124e-01 1.086299999999999955e+03 6.860000000000000000e+19
4.899999999999999911e-01 1.350700000000000045e+03 7.590000000000000000e+19
4.680000000000000271e-01 1.521099999999999909e+03 8.270000000000000000e+19
4.460000000000000075e-01 1.491200000000000045e+03 8.490000000000000000e+19
4.249999999999999889e-01 1.582500000000000000e+03 8.890000000000000000e+19
4.040000000000000258e-01 1.551500000000000000e+03 8.840000000000000000e+19
