5.917000000000000037e-01 1.205999999999999943e+02 1.440000000000000000e+19
5.812000000000000499e-01 1.756999999999999886e+02 1.900000000000000000e+19
5.608999999999999542e-01 3.728999999999999773e+02 2.960000000000000000e+19
5.362000000000000099e-01 7.606000000000000227e+02 4.560000000000000000e+19
5.120000000000000107e-01 1.175799999999999955e+03 5.860000000000000000e+19
4.884999999999999898e-01 1.350700000000000045e+03 6.270000000000000000e+19
4.661000000000000143e-01 1.462000000000000000e+03 6.730000000000000000e+19
4.448000000000000287e-01 1.491200000000000045e+03 7.060000000000000000e+19
4.236000000000000321e-01 1.551500000000000000e+03 7.370000000000000000e+19
4.026000000000000134e-01 1.491200000000000045e+03 7.180000000000000000e+19
