5.919999999999999707e-01 3.750000000000000000e+01 6.070000000000000000e+18
5.819999999999999618e-01 8.120000000000000284e+01 6.300000000000000000e+18
5.629999999999999449e-01 1.560000000000000000e+02 1.180000000000000000e+19
5.380000000000000338e-01 2.411999999999999886e+02 1.550000000000000000e+19
5.140000000000000124e-01 4.456000000000000227e+02 2.010000000000000000e+19
4.899999999999999911e-01 6.753999999999999773e+02 2.330000000000000000e+19
4.680000000000000271e-01 7.457000000000000455e+02 2.550000000000000000e+19
4.460000000000000075e-01 7.757999999999999545e+02 2.670000000000000000e+19
4.249999999999999889e-01 8.071000000000000227e+02 2.670000000000000000e+19
4.040000000000000258e-01 8.397000000000000455e+02 2.730000000000000000e+19
