5.919999999999999707e-01 4.750000000000000000e+01 1.460000000000000000e+19
5.819999999999999618e-01 1.029000000000000057e+02 2.650000000000000000e+19
5.629999999999999449e-01 2.770000000000000000e+02 4.290000000000000000e+19
5.380000000000000338e-01 5.432000000000000455e+02 5.350000000000000000e+19
5.140000000000000124e-01 9.457000000000000455e+02 6.470000000000000000e+19
4.899999999999999911e-01 1.130200000000000045e+03 6.640000000000000000e+19
4.680000000000000271e-01 1.130200000000000045e+03 7.160000000000000000e+19
4.460000000000000075e-01 1.130200000000000045e+03 7.110000000000000000e+19
4.249999999999999889e-01 1.175799999999999955e+03 7.020000000000000000e+19
4.040000000000000258e-01 1.108000000000000000e+03 7.230000000000000000e+19
