6.005000000000000338e-01 2.500000000000000000e+01 8.910000000000000000e+18
5.899999999999999689e-01 9.750000000000000000e+01 2.390000000000000000e+19
5.699999999999999512e-01 2.973999999999999773e+02 3.920000000000000000e+19
5.450000000000000400e-01 6.126000000000000227e+02 6.340000000000000000e+19
5.210000000000000187e-01 9.598999999999999773e+02 7.840000000000000000e+19
4.969999999999999973e-01 1.193700000000000045e+03 8.720000000000000000e+19
4.739999999999999769e-01 1.313099999999999909e+03 9.110000000000000000e+19
4.530000000000000138e-01 1.313099999999999909e+03 9.110000000000000000e+19
4.309999999999999942e-01 1.444400000000000091e+03 9.960000000000000000e+19
4.099999999999999756e-01 1.405400000000000091e+03 9.750000000000000000e+19
