6.005000000000000338e-01 2.500000000000000000e+01 1.420000000000000000e+19
5.899999999999999689e-01 6.990000000000000568e+01 3.290000000000000000e+19
5.699999999999999512e-01 1.984000000000000057e+02 4.800000000000000000e+19
5.450000000000000400e-01 4.601999999999999886e+02 9.320000000000000000e+19
5.210000000000000187e-01 7.012000000000000455e+02 1.160000000000000000e+20
4.969999999999999973e-01 9.866000000000000227e+02 1.320000000000000000e+20
4.739999999999999769e-01 1.008600000000000023e+03 1.390000000000000000e+20
4.530000000000000138e-01 1.085200000000000045e+03 1.380000000000000000e+20
4.309999999999999942e-01 1.129299999999999955e+03 1.450000000000000000e+20
4.099999999999999756e-01 1.129299999999999955e+03 1.450000000000000000e+20
