5.919999999999999707e-01 9.000000000000000000e+00 2.570000000000000000e+18
5.819999999999999618e-01 6.659999999999999432e+01 9.310000000000000000e+18
5.629999999999999449e-01 2.663000000000000114e+02 2.390000000000000000e+19
5.380000000000000338e-01 5.763999999999999773e+02 3.720000000000000000e+19
5.140000000000000124e-01 9.457000000000000455e+02 4.960000000000000000e+19
4.899999999999999911e-01 1.223299999999999955e+03 5.210000000000000000e+19
4.680000000000000271e-01 1.377700000000000045e+03 5.780000000000000000e+19
4.460000000000000075e-01 1.350700000000000045e+03 5.750000000000000000e+19
4.249999999999999889e-01 1.433299999999999955e+03 6.010000000000000000e+19
4.040000000000000258e-01 1.433299999999999955e+03 6.270000000000000000e+19
