5.919999999999999707e-01 4.060000000000000142e+01 9.450000000000000000e+18
5.819999999999999618e-01 1.255000000000000000e+02 2.170000000000000000e+19
5.629999999999999449e-01 3.655000000000000000e+02 4.290000000000000000e+19
5.380000000000000338e-01 7.310000000000000000e+02 6.750000000000000000e+19
5.140000000000000124e-01 9.838999999999999773e+02 8.420000000000000000e+19
4.899999999999999911e-01 1.152799999999999955e+03 9.330000000000000000e+19
4.680000000000000271e-01 1.223299999999999955e+03 1.060000000000000000e+20
4.460000000000000075e-01 1.272799999999999955e+03 1.080000000000000000e+20
4.249999999999999889e-01 1.350700000000000045e+03 1.100000000000000000e+20
4.040000000000000258e-01 1.350700000000000045e+03 1.080000000000000000e+20
