5.917000000000000037e-01 1.114000000000000057e+02 1.350000000000000000e+19
5.812000000000000499e-01 1.828000000000000114e+02 1.890000000000000000e+19
5.608999999999999542e-01 3.583999999999999773e+02 2.810000000000000000e+19
5.362000000000000099e-01 7.027000000000000455e+02 3.940000000000000000e+19
5.120000000000000107e-01 1.003600000000000023e+03 5.200000000000000000e+19
4.884999999999999898e-01 1.108000000000000000e+03 6.110000000000000000e+19
4.661000000000000143e-01 1.130200000000000045e+03 6.370000000000000000e+19
4.448000000000000287e-01 1.108000000000000000e+03 6.410000000000000000e+19
4.236000000000000321e-01 1.223299999999999955e+03 6.640000000000000000e+19
4.026000000000000134e-01 1.152799999999999955e+03 6.450000000000000000e+19
