5.917000000000000037e-01 1.135999999999999943e+02 1.350000000000000000e+19
5.812000000000000499e-01 2.018000000000000114e+02 1.930000000000000000e+19
5.608999999999999542e-01 4.823000000000000114e+02 3.090000000000000000e+19
5.362000000000000099e-01 9.271000000000000227e+02 4.530000000000000000e+19
5.120000000000000107e-01 1.298200000000000045e+03 5.630000000000000000e+19
4.884999999999999898e-01 1.405200000000000045e+03 5.970000000000000000e+19
4.661000000000000143e-01 1.433299999999999955e+03 6.390000000000000000e+19
4.448000000000000287e-01 1.433299999999999955e+03 6.430000000000000000e+19
4.236000000000000321e-01 1.462000000000000000e+03 6.820000000000000000e+19
4.026000000000000134e-01 1.491200000000000045e+03 6.680000000000000000e+19
