6.005000000000000338e-01 1.639999999999999858e+01 1.860000000000000000e+18
5.899999999999999689e-01 9.259999999999999432e+01 1.190000000000000000e+19
5.699999999999999512e-01 2.781000000000000227e+02 2.230000000000000000e+19
5.450000000000000400e-01 6.262000000000000455e+02 3.880000000000000000e+19
5.210000000000000187e-01 1.003000000000000000e+03 5.370000000000000000e+19
4.969999999999999973e-01 1.335000000000000000e+03 6.390000000000000000e+19
4.739999999999999769e-01 1.444400000000000091e+03 7.300000000000000000e+19
4.530000000000000138e-01 1.405400000000000091e+03 7.490000000000000000e+19
4.309999999999999942e-01 1.468500000000000000e+03 8.190000000000000000e+19
4.099999999999999756e-01 1.546000000000000000e+03 8.190000000000000000e+19
