5.919999999999999707e-01 2.569999999999999929e+01 7.070000000000000000e+18
5.819999999999999618e-01 1.255000000000000000e+02 1.220000000000000000e+19
5.629999999999999449e-01 3.376999999999999886e+02 2.710000000000000000e+19
5.380000000000000338e-01 6.621000000000000227e+02 4.190000000000000000e+19
5.140000000000000124e-01 1.003600000000000023e+03 5.500000000000000000e+19
4.899999999999999911e-01 1.324200000000000045e+03 6.430000000000000000e+19
4.680000000000000271e-01 1.377700000000000045e+03 6.800000000000000000e+19
4.460000000000000075e-01 1.405200000000000045e+03 7.020000000000000000e+19
4.249999999999999889e-01 1.405200000000000045e+03 6.990000000000000000e+19
4.040000000000000258e-01 1.405200000000000045e+03 7.070000000000000000e+19
