5.919999999999999707e-01 7.800000000000000000e+01 1.620000000000000000e+19
5.819999999999999618e-01 1.499000000000000057e+02 2.280000000000000000e+19
5.629999999999999449e-01 3.181999999999999886e+02 3.830000000000000000e+19
5.380000000000000338e-01 6.117000000000000455e+02 5.230000000000000000e+19
5.140000000000000124e-01 1.003600000000000023e+03 6.540000000000000000e+19
4.899999999999999911e-01 1.152799999999999955e+03 6.590000000000000000e+19
4.680000000000000271e-01 1.175799999999999955e+03 7.230000000000000000e+19
4.460000000000000075e-01 1.247799999999999955e+03 7.510000000000000000e+19
4.249999999999999889e-01 1.298200000000000045e+03 7.420000000000000000e+19
4.040000000000000258e-01 1.298200000000000045e+03 7.690000000000000000e+19
