6.005000000000000338e-01 4.250000000000000000e+01 1.380000000000000000e+19
5.899999999999999689e-01 9.259999999999999432e+01 2.410000000000000000e+19
5.699999999999999512e-01 2.921000000000000227e+02 4.110000000000000000e+19
5.450000000000000400e-01 6.375000000000000000e+02 6.760000000000000000e+19
5.210000000000000187e-01 9.598999999999999773e+02 8.940000000000000000e+19
4.969999999999999973e-01 1.213599999999999909e+03 9.760000000000000000e+19
4.739999999999999769e-01 1.366500000000000000e+03 1.030000000000000000e+20
4.530000000000000138e-01 1.335000000000000000e+03 1.010000000000000000e+20
4.309999999999999942e-01 1.468500000000000000e+03 1.100000000000000000e+20
4.099999999999999756e-01 1.405400000000000091e+03 1.040000000000000000e+20
