5.917000000000000037e-01 9.890000000000000568e+01 1.390000000000000000e+19
5.812000000000000499e-01 1.864000000000000057e+02 1.710000000000000000e+19
5.608999999999999542e-01 4.368999999999999773e+02 2.950000000000000000e+19
5.362000000000000099e-01 8.232999999999999545e+02 4.560000000000000000e+19
5.120000000000000107e-01 1.223299999999999955e+03 5.630000000000000000e+19
4.884999999999999898e-01 1.377700000000000045e+03 5.960000000000000000e+19
4.661000000000000143e-01 1.491200000000000045e+03 6.470000000000000000e+19
4.448000000000000287e-01 1.405200000000000045e+03 6.470000000000000000e+19
4.236000000000000321e-01 1.433299999999999955e+03 6.810000000000000000e+19
4.026000000000000134e-01 1.551500000000000000e+03 6.870000000000000000e+19
