5.919999999999999707e-01 2.839999999999999858e+01 7.890000000000000000e+18
5.819999999999999618e-01 1.230000000000000000e+02 1.970000000000000000e+19
5.629999999999999449e-01 3.513000000000000114e+02 3.300000000000000000e+19
5.380000000000000338e-01 7.027000000000000455e+02 4.970000000000000000e+19
5.140000000000000124e-01 1.108000000000000000e+03 6.510000000000000000e+19
4.899999999999999911e-01 1.247799999999999955e+03 7.070000000000000000e+19
4.680000000000000271e-01 1.298200000000000045e+03 7.740000000000000000e+19
4.460000000000000075e-01 1.247799999999999955e+03 7.690000000000000000e+19
4.249999999999999889e-01 1.298200000000000045e+03 7.660000000000000000e+19
4.040000000000000258e-01 1.298200000000000045e+03 7.980000000000000000e+19
