5.917000000000000037e-01 1.029000000000000057e+02 9.340000000000000000e+18
5.812000000000000499e-01 1.413000000000000114e+02 1.200000000000000000e+19
5.608999999999999542e-01 2.940000000000000000e+02 1.870000000000000000e+19
5.362000000000000099e-01 5.118000000000000114e+02 2.770000000000000000e+19
5.120000000000000107e-01 7.912999999999999545e+02 3.630000000000000000e+19
4.884999999999999898e-01 1.065000000000000000e+03 4.210000000000000000e+19
4.661000000000000143e-01 1.044099999999999909e+03 4.620000000000000000e+19
4.448000000000000287e-01 1.065000000000000000e+03 4.610000000000000000e+19
4.236000000000000321e-01 1.152799999999999955e+03 5.030000000000000000e+19
4.026000000000000134e-01 1.130200000000000045e+03 4.880000000000000000e+19
