5.917000000000000037e-01 1.182000000000000028e+02 9.140000000000000000e+18
5.812000000000000499e-01 1.791999999999999886e+02 1.190000000000000000e+19
5.608999999999999542e-01 2.940000000000000000e+02 1.700000000000000000e+19
5.362000000000000099e-01 5.118000000000000114e+02 2.520000000000000000e+19
5.120000000000000107e-01 7.757999999999999545e+02 3.290000000000000000e+19
4.884999999999999898e-01 1.003600000000000023e+03 3.850000000000000000e+19
4.661000000000000143e-01 1.065000000000000000e+03 4.110000000000000000e+19
4.448000000000000287e-01 1.086299999999999955e+03 4.260000000000000000e+19
4.236000000000000321e-01 1.108000000000000000e+03 4.630000000000000000e+19
4.026000000000000134e-01 1.108000000000000000e+03 4.430000000000000000e+19
