5.917000000000000037e-01 8.279999999999999716e+01 6.020000000000000000e+18
5.812000000000000499e-01 1.205999999999999943e+02 7.550000000000000000e+18
5.608999999999999542e-01 2.559000000000000057e+02 8.660000000000000000e+18
5.362000000000000099e-01 4.283000000000000114e+02 1.110000000000000000e+19
5.120000000000000107e-01 7.757999999999999545e+02 1.450000000000000000e+19
4.884999999999999898e-01 8.071000000000000227e+02 1.610000000000000000e+19
4.661000000000000143e-01 8.397000000000000455e+02 1.670000000000000000e+19
4.448000000000000287e-01 9.646000000000000227e+02 1.820000000000000000e+19
4.236000000000000321e-01 9.646000000000000227e+02 1.820000000000000000e+19
4.026000000000000134e-01 9.838999999999999773e+02 1.820000000000000000e+19
