5.917000000000000037e-01 9.700000000000000000e+01 1.520000000000000000e+19
5.812000000000000499e-01 2.228000000000000114e+02 2.050000000000000000e+19
5.608999999999999542e-01 4.636000000000000227e+02 3.390000000000000000e+19
5.362000000000000099e-01 8.565000000000000000e+02 4.570000000000000000e+19
5.120000000000000107e-01 1.298200000000000045e+03 5.570000000000000000e+19
4.884999999999999898e-01 1.324200000000000045e+03 5.690000000000000000e+19
4.661000000000000143e-01 1.350700000000000045e+03 6.140000000000000000e+19
4.448000000000000287e-01 1.433299999999999955e+03 6.150000000000000000e+19
4.236000000000000321e-01 1.433299999999999955e+03 6.300000000000000000e+19
4.026000000000000134e-01 1.405200000000000045e+03 6.170000000000000000e+19
