5.917000000000000037e-01 9.320000000000000284e+01 1.400000000000000000e+19
5.812000000000000499e-01 2.228000000000000114e+02 2.120000000000000000e+19
5.608999999999999542e-01 4.728999999999999773e+02 3.090000000000000000e+19
5.362000000000000099e-01 8.911000000000000227e+02 4.610000000000000000e+19
5.120000000000000107e-01 1.152799999999999955e+03 5.610000000000000000e+19
4.884999999999999898e-01 1.223299999999999955e+03 6.160000000000000000e+19
4.661000000000000143e-01 1.298200000000000045e+03 6.540000000000000000e+19
4.448000000000000287e-01 1.247799999999999955e+03 6.340000000000000000e+19
4.236000000000000321e-01 1.247799999999999955e+03 6.320000000000000000e+19
4.026000000000000134e-01 1.247799999999999955e+03 6.490000000000000000e+19
