5.917000000000000037e-01 1.050000000000000000e+02 1.780000000000000000e+19
5.812000000000000499e-01 2.364000000000000057e+02 2.730000000000000000e+19
5.608999999999999542e-01 6.117000000000000455e+02 3.870000000000000000e+19
5.362000000000000099e-01 9.457000000000000455e+02 4.910000000000000000e+19
5.120000000000000107e-01 1.175799999999999955e+03 5.990000000000000000e+19
4.884999999999999898e-01 1.350700000000000045e+03 6.550000000000000000e+19
4.661000000000000143e-01 1.405200000000000045e+03 6.990000000000000000e+19
4.448000000000000287e-01 1.405200000000000045e+03 6.840000000000000000e+19
4.236000000000000321e-01 1.433299999999999955e+03 6.770000000000000000e+19
4.026000000000000134e-01 1.377700000000000045e+03 6.640000000000000000e+19
