5.919999999999999707e-01 1.135999999999999943e+02 1.160000000000000000e+19
5.819999999999999618e-01 1.529000000000000057e+02 1.680000000000000000e+19
5.629999999999999449e-01 3.513000000000000114e+02 2.690000000000000000e+19
5.380000000000000338e-01 6.238999999999999773e+02 3.990000000000000000e+19
5.140000000000000124e-01 1.003600000000000023e+03 5.270000000000000000e+19
4.899999999999999911e-01 1.223299999999999955e+03 5.930000000000000000e+19
4.680000000000000271e-01 1.247799999999999955e+03 6.430000000000000000e+19
4.460000000000000075e-01 1.272799999999999955e+03 6.620000000000000000e+19
4.249999999999999889e-01 1.298200000000000045e+03 6.990000000000000000e+19
4.040000000000000258e-01 1.298200000000000045e+03 6.890000000000000000e+19
