5.917000000000000037e-01 1.529000000000000057e+02 1.380000000000000000e+19
5.812000000000000499e-01 3.058999999999999773e+02 2.160000000000000000e+19
5.608999999999999542e-01 5.763999999999999773e+02 3.310000000000000000e+19
5.362000000000000099e-01 9.457000000000000455e+02 4.640000000000000000e+19
5.120000000000000107e-01 1.152799999999999955e+03 5.810000000000000000e+19
4.884999999999999898e-01 1.350700000000000045e+03 6.380000000000000000e+19
4.661000000000000143e-01 1.298200000000000045e+03 6.610000000000000000e+19
4.448000000000000287e-01 1.247799999999999955e+03 6.470000000000000000e+19
4.236000000000000321e-01 1.272799999999999955e+03 6.600000000000000000e+19
4.026000000000000134e-01 1.247799999999999955e+03 6.490000000000000000e+19
